2057560
2057160
2056660
2056350
2056140
2055950
2055710
2055640
2055610
2055520
2055340
2055250
2055080
2055040
2054960
2054840
2054630
2054560
2054550
2054490
2054210
2053780
2053730
2053720
2053710
2053550
2053500
2053480
2053430
2053420
2053180
2053150
2053120
2053070
2052980
2052930
2052850
2052800
2052620
2052500
2052470
2052440
2052400
2052330
2051980
2051950
2051930
2051860
2051850
2051810
2051800
2051790
2051610
2051550
2051430
2051400
2051270
2051260
2051230
2051070
2051030
2050880
2050610
2050550
2050410
2050240
2050110
2027990
2027980
2027950
2027900
2027800
2027770
2027720
2027640
2027500
2027480
2027460
2027410
2027320
2027080
2027020
2026780
2026770
2026680
2026620
2026610
2026600
2026480
2026360
2026320
2026220
2026210
2026200
2026190
2026110
2026090
2025940
2025690
2025640
2025620
2025430
2025400
2025350
2025010
2024960
2024900
2024800
2024540
2024250
2024200
2024180
2024060
2024040
2024020
2024000
2023870
2023860
2023830
2023750
2023700
2023660
2023570
2023470
2023410
2023290
2023260
2023220
2023100
2023040
2022940
2022870
2022840
2022730
2022720
2022660
2022580
2022530
2022430
2022340
2022320
2022240
2022200
2022130
2021920
2021890
2021810
2021650
2021490
2021480
2021470
2021450
2021430
2021420
2021400
2021160
2021150
2021020
2020970
2020940
2020900
2020890
2020820
2020810
2020760
2020740
2020720
2020700
2020660
2020600
2020580
2020450
2020440
2020410
2020390
2020370
2020360
2020350
2020320
2020300
2020290
2020280
2020250
2020240
2020230
2020200
2020150
2020140
2020100
2020060
2020050
2020010
2019930
2019900
2019890
2019820
2019780
2019750
2019600
2019560
2019540
2019500
2019490
2019450
2019440
2019430
2019350
2019190
2019150
2019120
2019030
2018980
2018970
2018920
2018890
2018880
2018800
2018770
2018750
2018710
2018690
2018680
2018650
2018630
2018620
2018590
2018470
2018400
2018390
2018360
2018290
2018200
2018180
2018150
2018090
2018040
2017970
2017810
2017710
2017690
2017660
2017650
2017470
2017390
2017320
2017310
2017280
2017250
2017240
2017180
2017170
2017070
2016990
2016930
2016920
2016880
2016870
2016630
2016520
2016360
2016340
2016330
2016270
2016150
2015980
2015970
2015920
2015870
2015800
2015730
2015590
2015570
2015400
2015350
2015340
2015290
2015150
2015060
2014800
2014730
2014710
2014700
2014640
2014450
2014320
2014310
2014290
2014250
2014190
2014110
2013980
2013960
2013940
2013930
2013890
2013840
2013810
2013570
2013560
2013510
2013490
2013470
2013450
2013410
2013390
2013350
2013340
2013310
2013260
2013200
2013100
2013000
2012980
2012920
2012870
2012860
2012810
2012700
2012640
2012480
2012400
2012350
2012330
2012230
2012210
2012150
2012130
2012110
2012060
2011930
2011800
2011680
2011670
2011660
2011450
2011390
2011380
2011290
2011280
2011090
2011050
2010940
2010860
2010810
2010590
2010430
2010330
2010230
2010190
2010090
2009910
2009870
2009810
2009710
2009700
2009680
2009660
2009590
2009260
2009250
2009150
2009060
2009050
2008970
2008940
2008690
2008680
2008660
2008580
2008540
2008520
2008360
2008340
2008190
2008160
2008150
2008140
2008030
2007830
2007810
2007660
2007650
2007600
2007340
2007330
2007310
2007230
2007090
2006980
2006880
2006850
2006780
2006680
2006590
2006270
2006240
2006150
2006100
2005940
2005890
2005840
2005620
2005600
2005450
2005200
2004920
2004750
2004720
2004690
2004560
2004470
2004450
2004350
2004310
2004150
2004120
2004050
2004000
2003980
2003890
2003850
2003820
2003780
2003720
2003480
2003440
2003360
2003330
2003290
2003250
2003130
2003120
2003110
2002960
2002910
2002810
2002750
2002680
2002640
2002490
2002330
2002290
2002040
2001950
2001940
2001820
2001810
2001740
2001630
2001620
2001600
2001550
2001540
2001490
2001450
2001390
2001100
2001080
2000840
2000680
2000660
2000640
2000620
2000430
2000410
2000330
2000080
2000060
1999690
1999670
1999640
1999580
1999530
1999480
1999440
1999420
1999410
1999340
1999310
1999230
1999200
1998740
1998480
1998270
1998210
1998080
1997820
1997760
1997720
1997620
1997600
1997350
1997200
1997180
1997100
1997000
1996960
1996950
1996940
1996860
1996690
1996560
1996480
1996400
1996170
1996150
1996120
1996110
1996060
1995970
1995900
1995860
1995770
1995650
1995610
1995500
1995440
1995250
1995200
1995150
1995140
1995020
1994890
1994880
1994870
1994830
1994790
1994580
1994560
1994530
1994340
1994250
1994150
1993790
1993750
1993690
1993500
1993330
1993250
1993240
1993130
1993070
1993040
1993020
1992990
1992920
1992910
1992900
1992730
1992720
1992690
1992510
1992380
1992330
1992320
1992090
1992050
1991740
1991730
1991680
1991640
1991560
1991430
1991410
1991280
1991210
1991080
1990970
1990950
1990750
1990640
1990410
1990170
1990150
1990120
1990020
1989830
1989810
1989590
1989550
1989470
1989400
1989220
1989040
1988840
1988690
1988660
1988480
1988450
1988420
1988370
1988230
1988220
1988180
1988160
1988060
1987940
1987930
1987890
1987850
1987740
1987640
1987510
1987430
1987390
1987180
1987090
1986960
1986950
1986700
1986260
1986220
1986140
1986110
1986090
1986080
1986050
1986020
1985990
1985890
1985800
1985750
1985730
1985480
1985470
1985330
1985310
1985280
1984970
1984830
1984780
1984700
1984500
1984480
1984460
1984280
1984120
1984100
1983810
1983720
1983680
1983610
1983530
1983440
1983310
1983210
1983040
1983030
1982970
1982890
1982800
1982780
1982770
1982710
1982580
1982570
1982400
1982300
1982280
1982220
1982040
1981990
1981520
1981490
1981460
1981390
1981280
1981150
1981140
1981070
1980970
1980960
1980790
1980640
1980430
1980370
1980310
1980230
1980210
1980180
1980110
1980020
1979870
1979840
1979780
1979770
1979750
1979710
1979250
1979150
1979030
1979010
1978960
1978770
1978620
1978600
1978570
1978530
1978310
1978270
1978160
1978120
1977860
1977850
1977820
1977790
1977650
1977400
1977300
1977210
1977180
1977120
1977080
1977020
1976900
1976790
1976580
1976560
1976480
1976370
1976340
1976150
1976010
1975910
1975880
1975870
1975820
1975740
1975630
1975600
1975330
1975310
1975250
1975210
1975200
1975190
1975130
1975060
1974570
1974490
1974450
1974430
1974240
1974180
1974140
1973980
1973900
1973520
1973480
1973340
1973330
1973120
1972860
1972760
1972700
1972620
1972540
1972530
1972510
1972430
1972210
1972000
1971860
1971550
1971460
1971140
1971060
1971040
1971030
1970990
1970880
1970810
1970800
1970390
1970190
1970130
1969660
1969580
1969550
1969540
1969480
1969470
1969450
1969290
1969270
1969090
1968990
1968960
1968920
1968900
1968370
1968090
1968070
1967730
1967720
1967600
1967300
1967270
1967080
1966990
1966790
1966760
1966710
1966570
1966510
1966350
1966340
1966320
1966250
1966230
1966050
1965880
1965830
1965810
1965630
1965570
1965510
1965500
1965100
1965080
1964910
1964730
1964710
1964700
1964660
1964550
1964390
1964340
1964170
1964160
1963940
1963870
1963820
1963770
1963700
1963650
1963380
1963100
1962960
1962830
1962820
1962710
1962620
1962340
1962300
1962280
1962270
1962250
1962040
1961900
1961820
1961700
1961570
1961470
1961440
1961360
1961350
1961140
1961070
1960960
1960940
1960760
1960750
1960690
1960420
1960410
1960390
1960370
1960350
1960240
1960150
1960130
1960030
1959920
1959630
1959600
1959590
1959370
1959320
1959270
1959080
1959030
1958930
1958870
1958840
1958630
1958480
1958470
1958450
1958180
1958110
1958090
1958080
1958030
1957950
1957800
1957740
1957470
1957290
1957090
1957050
1956970
1956900
1956870
1956810
1956780
1956640
1956540
1956460
1956450
1956150
1956080
1956010
1955660
1955630
1955590
1955460
1955430
1955220
1954730
1954700
1954220
1954140
1954120
1953480
1953400
1953290
1953270
1953260
1953180
1953160
1952940
1952880
1952870
1952830
1952730
1952700
1952660
1952610
1952600
1952530
1952410
1952110
1952070
1951770
1951570
1951370
1951360
1951290
1951270
1951190
1950790
1950780
1950740
1950430
1950290
1950260
1950150
1950100
1950090
1950010
1949830
1949530
1949510
1949450
1949430
1949320
1949230
1949080
1949070
1949060
1948710
1948660
1948610
1948500
1948320
1948270
1948130
1948070
1947840
1947830
1947770
1947760
1947740
1947590
1947520
1946920
1946910
1946800
1946500
1946400
1946270
1946220
1946000
1945920
1945830
1944860
1943900
1943580
1943330
1943320
1943200
1943180
1943150
1943100
1942910
1942800
1942700
1942600
1942570
1942460
1942230
1942200
1942090
1941930
1941880
1941560
1941260
1941080
1940860
1940810
1940530
1940260
1940170
1940110
1940050
1939900
1939620
1939410
1939380
1939360
1939050
1939030
1938570
1938480
1938170
1937870
1937760
1937420
1937340
1937000
1936910
1936870
1936730
1936570
1936340
1936090
1935950
1935920
1935700
1935650
1935390
1935270
1935260
1935010
1934970
1934710
1934460
1934240
1934170
1933360
1933260
1933200
1933120
1933040
1932940
1932930
1932880
1932620
1932510
1932150
1932090
1932070
1931650
1931610
1931450
1931300
1931030
1930750
1930570
1930430
1929920
1929390
1929310
1929050
1928720
1928170
1927990
1926960
1926580
1926570
1926540
1926250
1926150
1926040
1925490
1925410
1925300
1925260
1925160
1925120
1925110
1924930
1924920
1924750
1924630
1924260
1923980
1923740
1923440
1923370
1923280
1923260
1923210
1923150
1923090
1922230
1921800
1921670
1921640
1921430
1921420
1921410
1921100
1920730
1920590
1920350
1920310
1920220
1920130
1919930
1919890
1919860
1919660
1919580
1919230
1919080
1918990
1918910
1918200
1917880
1917770
1917690
1917570
1917480
1917430
1917380
1917330
1917300
1917250
1917220
1917200
1917180
1917120
1917110
1917100
1917070
1916840
1916820
1916720
1916680
1916490
1916370
1916030
1915970
1915930
1915820
1915810
1915750
1915720
1915640
1915570
1915390
1915300
1914930
1914920
1914860
1914550
1914540
1914520
1914500
1914370
1914360
1914350
1914320
1914310
1913910
1913770
1913650
1913580
1913520
1913480
1913460
1913430
1913400
1913390
1913340
1913150
1913130
1913060
1913050
1913030
1912990
1912890
1912830
1912810
1912640
1912610
1912600
1912550
1912540
1912530
1912430
1912360
1912270
1912200
1912010
1912000
1911920
1911830
1911710
1911700
1911550
1911500
1911480
1911410
1911350
1911320
1911240
1911210
1911190
1911180
1911130
1911110
1911100
1911060
1910940
1910920
1910900
1910760
1910730
1910710
1910640
1910500
1910430
1910390
1910350
1910290
1910110
1910040
1909970
1909930
1909910
1909870
1909710
1909580
1909480
1909410
1909400
1909390
1909360
1909180
1909110
1908910
1908580
1908520
1908390
1908340
1908310
1908300
1908170
1908130
1908110
1908030
1907970
1907880
1907840
1907730
1907670
1907580
1907530
1907370
1907320
1907300
1907260
1907190
1907160
1906850
1906610
1906390
1906380
1906360
1906270
1906260
1906200
1906010
1905840
1905820
1905710
1905650
1905590
1905410
1905250
1905240
1905170
1905120
1904990
1904950
1904940
1904760
1904750
1904670
1904510
1904500
1904420
1904340
1904270
1904240
1904110
1904070
1904060
1903890
1903800
1903700
1903380
1903160
1903150
1903110
1903070
1903010
1902890
1902680
1902660
1902310
1902190
1902160
1902140
1902130
1902070
1902030
1902010
1902000
1901890
1901790
1901770
1901720
1901590
1901570
1901530
1901320
1901280
1901250
1901210
1901190
1901100
1901080
1900950
1900940
1900870
1900840
1900800
1900570
1900560
1900450
1900430
1900420
1900120
1900110
1900060
1899940
1899930
1899920
1899900
1899860
1899850
1899840
1899780
1899640
1899600
1899590
1899560
1899530
1899510
1899460
1899420
1899280
1899260
1899230
1899220
1899140
1899100
1899090
1899040
1898850
1898820
1898800
1898760
1898650
1898540
1898520
1898510
1898480
1898400
1898360
1898230
1898220
1898170
1897930
1897850
1897840
1897620
1897500
1897390
1897270
1897210
1897090
1897070
1896950
1896740
1896730
1896680
1896490
1896440
1896400
1896350
1896130
1896120
1896080
1895940
1895930
1895910
1895850
1895840
1895770
1895730
1895620
1895510
1895440
1895380
1895360
1895290
1895190
1895120
1895110
1895030
1894950
1894850
1894840
1894830
1894820
1894810
1894800
1894780
1894670
1894620
1894610
1894520
1894420
1894350
1894340
1894330
1894180
1894130
1894070
1893920
1893710
1893610
1893480
1893470
1893450
1893380
1893360
1893340
1893270
1893160
1893110
1893060
1892960
1892830
1892820
1892710
1892540
1892480
1892440
1892280
1891990
1891960
1891910
1891800
1891730
1891670
1891630
1891590
1891470
1891380
1891200
1891190
1891180
1891150
1891060
1891050
1891020
1890980
1890930
1890900
1890840
1890730
1890150
1890080
1890060
1889910
1889510
1889470
1889460
1889380
1889340
1889210
1889180
1889070
1888850
1888840
1888820
1888730
1888680
1888600
1888400
1888250
1888140
1887950
1887870
1887410
1887390
1887210
1887110
1886970
1886900
1886710
1886520
1886500
1886490
1886280
1886190
1886060
1885810
1885740
1885390
1885350
1885230
1885210
1885150
1885020
1884940
1884840
1884810
1884770
1884740
1884730
1884710
1884700
1884670
1884590
1884460
1884270
1884070
1884010
1883910
1883860
1883730
1883640
1883410
1883330
1883180
1883040
1882530
1882380
1882360
1882310
1882250
1882220
1882030
1882020
1881770
1881620
1881580
1881550
1881510
1881400
1881230
1881130
1880850
1880780
1880750
1880740
1880540
1880530
1880520
1880350
1880340
1880210
1880120
1879930
1879770
1879660
1879610
1879580
1879090
1878950
1878860
1878590
1878510
1878430
1878160
1878130
1878090
1878040
1877770
1877740
1877730
1877530
1877470
1877450
1877310
1877220
1877030
1876970
1876760
1876710
1876610
1876600
1876520
1876510
1876370
1876320
1876310
1876270
1876190
1876080
1875960
1875940
1875930
1875690
1875550
1875490
1875390
1875240
1875110
1875090
1875080
1875050
1875010
1874930
1874740
1874670
1874390
1874320
1874280
1874270
1874250
1874020
1873980
1873950
1873850
1873790
1873770
1873730
1873370
1873150
1873060
1872930
1872640
1872560
1872390
1872370
1872340
1872290
1872030
1872000
1871660
1871580
1871560
1871320
1871250
1871200
1871120
1871070
1871040
1870980
1870820
1870720
1870680
1870640
1870530
1870450
1870340
1869970
1869550
1869380
1869340
1869240
1869180
1868930
1868830
1868780
1868740
1868690
1868660
1868630
1868530
1868340
1868320
1868230
1867950
1867360
1867340
1867220
1867090
1867030
1866950
1866940
1866930
1866690
1866550
1866520
1866330
1866270
1866080
1866000
1865910
1865860
1865330
1865310
1865300
1865190
1865150
1865070
1864920
1864870
1864740
1864640
1864450
1864160
1863880
1863330
1862750
1862640
1862610
1862510
1862360
1861790
1861680
1861360
1861270
1861240
1861000
1860990
1860940
1860770
1860730
1860690
1860450
1860100
1860060
1859780
1859750
1859450
1859440
1859340
1859330
1859250
1859040
1858910
1858800
1858110
1857920
1857820
1857790
1857610
1857350
1857240
1857180
1856960
1856790
1856780
1856250
1856200
1855960
1855880
1855780
1855400
1854880
1854770
1854720
1854640
1854360
1854320
1854310
1854220
1853980
1853950
1853930
1853910
1853580
1853520
1853070
1852960
1852720
1852690
1852270
1852010
1851750
1851740
1851660
1851460
1851040
1849960
1849920
1849770
1849700
1849670
1849540
1849480
1849450
1849340
1849180
1849160
1849030
1848830
1848620
1848100
1848090
1848020
1847780
1847640
1847570
1847520
1846760
1846500
1846470
1846310
1846140
1846110
1845990
1845950
1845770
1845590
1845580
1845470
1845220
1845070
1844760
1844750
1844320
1844310
1844180
1843990
1843960
1843830
1843620
1843360
1843210
1843070
1842820
1842710
1842670
1842600
1842420
1842090
1842020
1841510
1841410
1841340
1841090
1840930
1840680
1840670
1840500
1840180
1839970
1839890
1839720
1839530
1839490
1839390
1839200
1838940
1838930
1838910
1838870
1838850
1838840
1838700
1838640
1838620
1838570
1838520
1838160
1838050
1837960
1837930
1837880
1837770
1837720
1837290
1837240
1837070
1836650
1836480
1836100
1836020
1835990
1835950
1835900
1835680
1835630
1835590
1835380
1835320
1835300
1835170
1835130
1835050
1834890
1834780
1834520
1834260
1834210
1833460
1833150
1833030
1833010
1832890
1832880
1832630
1832610
1832190
1831940
1831890
1831420
1831240
1831180
1831170
1830860
1830710
1830580
1830520
1830120
1829950
1829750
1829390
1828920
1828610
1828480
1828360
1828290
1828050
1827930
1827800
1826990
1826790
1826670
1826520
1826320
1826310
1826240
1826220
1826190
1826110
1826010
1825920
1825720
1825680
1825570
1825430
1825360
1825260
1825090
1824900
1824850
1824770
1824470
1824310
1824050
1823960
1823820
1823240
1823040
1822740
1822600
1822170
1821840
1821560
1821470
1821370
1821360
1821300
1821250
1821240
1821190
1821080
1820990
1820820
1820760
1820730
1820660
1820530
1820500
1820420
1820410
1820300
1820240
1820120
1819910
1819680
1819590
1819380
1819170
1818680
1818460
1818190
1817900
1817520
1817480
1817420
1817150
1816510
1816220
1816130
1816060
1816010
1815950
1815770
1815610
1815590
1815300
1815210
1814970
1814960
1814940
1814860
1814760
1814650
1814500
1814430
1814370
1814210
1814180
1813880
1813830
1813710
1813480
1813410
1813360
1813350
1813070
1812270
1812190
1812100
1812080
1811890
1811840
1811460
1811420
1811280
1811180
1811120
1810940
1810880
1810780
1810770
1809940
1809400
1809140
1809070
1809030
1808930
1808670
1808180
1808090
1808000
1807840
1807790
1807780
1807440
1807400
1807180
1807130
1807110
1807050
1806990
1806900
1806790
1806500
1806390
1806300
1806240
1805830
1805630
1805420
1805350
1804800
1804670
1804210
1804090
1803790
1803750
1803680
1803340
1803120
1803100
1803000
1802660
1802490
1802400
1802180
1800770
1800700
1800500
1800420
1800410
1800270
1799860
1799810
1799640
1799540
1799320
1799150
1799040
1798960
1798940
1798490
1798100
1797920
1797770
1797720
1797670
1797330
1797110
1796730
1796540
1795590
1795520
1795450
1795280
1794550
1794350
1794260
1794110
1794080
1794010
1793940
1793930
1793390
1793310
1793270
1793130
1792960
1792800
1792640
1792540
1792420
1792240
1792080
1791940
1791840
1791770
1791270
1791180
1791070
1791040
1790680
1790660
1790480
1790440
1789630
1789610
1789430
1789410
1789120
1789040
1789020
1788550
1788300
1788290
1788200
1788090
1788020
1787940
1787710
1787590
1787540
1787530
1787370
1787060
1786340
1786240
1786210
1785780
1785500
1785360
1785240
1785050
1784830
1784790
1784710
1784700
1784110
1783940
1783580
1783430
1783420
1783030
1783010
1782870
1782550
1782440
1781970
1781910
1781490
1781400
1781200
1780770
1780710
1780350
1780140
1780120
1780040
1779860
1779820
1779800
1779520
1779290
1779170
1779160
1779150
1779140
1779000
1778940
1778900
1778550
1778530
1778410
1778170
1778010
1777890
1777860
1777340
1777310
1777270
1777040
1777030
1776960
1776810
1776770
1776760
1776750
1776720
1776680
1776620
1776520
1776510
1776480
1776410
1776330
1776320
1776280
1775950
1775920
1775910
1775780
1775690
1775600
1775590
1775580
1775330
1775280
1775260
1775250
1775180
1775140
1775040
1774830
1774800
1774790
1774720
1774690
1774550
1774500
1774460
1774440
1774360
1774240
1774230
1774210
1774180
1774170
1774050
1774040
1774000
1773820
1773790
1773760
1773680
1773660
1773610
1773600
1773530
1773510
1773420
1773400
1773340
1773300
1773290
1773280
1773210
1773050
1772990
1772980
1772940
1772900
1772670
1772560
1772500
1772460
1772360
1772290
1772150
1772140
1772080
1772020
1772010
1772000
1771970
1771940
1771900
1771870
1771740
1771580
1771570
1771560
1771510
1771350
1771190
1771100
1771080
1771030
1771010
1770980
1770650
1770590
1770420
1770410
1770340
1770110
1770060
1770030
1769950
1769920
1769790
1769610
1769590
1769370
1769330
1769300
1769290
1769180
1769040
1768930
1768900
1768760
1768750
1768670
1768630
1768420
1768380
1768330
1768310
1768290
1768110
1768060
1768050
1767970
1767880
1767790
1767750
1767720
1767670
1767630
1767540
1767530
1767520
1767510
1767500
1767440
1767410
1767390
1767370
1767280
1767260
1767200
1767050
1766930
1766860
1766800
1766640
1766630
1766570
1766560
1766520
1766480
1766430
1766370
1766360
1766290
1766260
1766190
1766170
1766090
1766040
1765950
1765930
1765880
1765870
1765840
1765680
1765660
1765610
1765400
1765330
1765120
1765110
1764920
1764850
1764830
1764750
1764720
1764610
1764600
1764590
1764580
1764560
1764500
1764370
1764290
1764210
1764190
1764180
1764160
1764120
1764080
1764040
1763970
1763940
1763910
1763840
1763800
1763790
1763750
1763690
1763580
1763430
1763420
1763390
1763200
1763140
1763130
1763070
1763000
1762880
1762820
1762740
1762730
1762630
1762460
1762380
1762360
1762320
1762280
1762180
1762160
1762150
1762090
1762070
1762050
1761880
1761850
1761720
1761510
1761500
1761470
1761410
1761370
1761200
1761170
1761120
1761080
1761070
1761060
1761050
1760840
1760800
1760770
1760760
1760750
1760730
1760680
1760650
1760620
1760610
1760600
1760550
1760540
1760530
1760450
1760430
1760400
1760390
1760380
1760370
1760360
1760350
1760230
1760170
1760110
1760100
1759970
1759960
1759950
1759940
1759750
1759730
1759680
1759660
1759620
1759600
1759570
1759360
1759290
1759280
1759250
1759240
1759080
1759050
1759040
1759030
1758980
1758960
1758850
1758800
1758790
1758740
1758710
1758690
1758630
1758310
1758290
1758190
1757940
1757910
1757840
1757390
1757140
1757070
1757020
1756940
1756820
1756720
1756700
1756580
1756570
1756540
1756470
1756370
1756260
1756250
1756200
1756170
1756110
1756040
1756030
1756010
1756000
1755940
1755490
1755410
1755260
1755230
1755070
1755010
1754990
1754980
1754850
1754710
1754670
1754330
1754290
1754280
1754270
1754140
1754080
1753940
1753880
1753820
1753720
1753710
1753350
1753260
1753240
1753210
1753040
1752970
1752960
1752770
1752720
1752620
1752590
1752520
1752480
1752390
1752340
1752270
1752230
1752180
1752170
1752140
1752040
1752020
1752010
1752000
1751960
1751930
1751830
1751810
1751790
1751690
1751670
1751660
1751510
1751450
1751420
1751250
1751240
1751180
1751120
1750930
1750880
1750860
1750820
1750760
1750750
1750730
1750660
1750650
1750560
1750460
1750360
1750340
1750270
1750220
1750100
1749950
1749660
1749620
1749610
1749560
1749520
1749490
1749470
1749450
1749370
1749270
1749180
1749110
1748420
1748030
1747820
1747720
1747460
1747260
1747180
1746850
1746840
1746740
1746670
1746600
1746450
1746440
1746410
1746360
1746300
1745930
1745900
1745770
1745730
1745630
1745540
1745500
1745490
1745270
1745090
1744730
1744720
1744690
1744520
1744470
1744390
1744300
1744180
1743870
1743750
1743680
1743630
1743400
1743340
1743330
1743320
1743270
1743250
1743160
1743130
1743090
1743020
1742980
1742710
1742490
1742460
1742050
1741990
1741910
1741890
1741880
1741740
1741680
1741410
1741290
1741280
1741100
1740700
1740450
1740430
1740410
1740350
1740340
1740290
1740280
1740260
1740210
1740090
1740060
1740040
1739980
1739920
1739820
1739790
1739670
1739540
1739460
1739450
1739320
1739270
1739250
1739230
1739050
1738870
1738840
1738780
1738580
1738270
1737880
1737860
1737780
1737720
1737580
1737560
1737430
1737420
1737310
1737230
1737180
1737040
1736690
1736540
1736470
1736370
1736330
1736230
1736060
1736050
1736020
1735990
1735900
1735560
1735540
1735390
1735320
1735020
1734410
1734360
1734290
1734210
1734170
1734150
1734140
1734050
1733820
1733810
1733780
1733650
1733510
1733370
1733350
1733200
1733120
1733040
1732990
1732880
1732620
1732600
1732410
1732400
1732380
1732320
1732300
1732290
1732280
1732200
1732040
1732020
1732000
1731890
1731800
1731610
1731440
1731400
1731320
1731310
1730900
1730510
1730490
1730400
1730200
1729990
1729910
1729880
1729800
1729650
1729630
1729490
1729010
1728990
1728970
1728940
1728930
1728920
1728870
1728790
1728760
1728720
1728600
1728570
1728530
1728070
1728050
1727980
1727920
1727730
1727710
1727530
1727510
1727460
1727390
1727360
1727280
1727160
1727120
1727110
1727050
1726960
1726900
1726830
1726770
1726680
1726600
1726580
1726470
1726460
1726440
1726420
1726350
1726300
1726260
1726250
1726220
1726110
1726090
1726070
1726060
1726000
1725970
1725600
1725590
1725550
1725390
1725200
1725110
1724870
1724850
1724820
1724680
1724650
1724550
1724500
1724450
1724250
1724240
1723970
1723940
1723690
1723670
1723360
1723300
1723140
1723090
1723070
1723020
1722990
1722970
1722950
1722850
1722810
1722650
1722630
1722560
1722490
1722470
1722450
1722400
1722360
1722330
1722250
1722240
1722220
1722200
1722180
1722170
1722160
1722150
1722060
1721950
1721750
1721710
1721660
1721640
1721430
1721370
1720990
1720970
1720910
1720730
1720680
1720610
1720490
1720430
1720380
1720360
1720300
1720230
1719860
1719780
1719750
1719720
1719620
1719580
1719570
1719400
1719370
1719260
1719070
1719060
1719050
1719020
1718840
1718830
1718800
1718790
1718770
1718720
1718620
1718270
1718180
1718050
1717950
1717870
1717830
1717820
1717630
1717470
1717430
1717360
1717320
1716680
1716630
1716610
1716560
1716430
1716420
1716350
1715770
1715700
1715640
1715320
1715310
1715020
1714870
1714800
1714690
1714560
1714490
1714170
1713960
1713950
1713920
1713890
1713840
1713780
1713690
1713600
1713480
1713420
1713270
1713230
1712860
1712760
1712710
1712520
1712380
1712330
1712160
1712060
1712010
1711920
1711830
1711780
1711720
1711660
1711100
1711010
1710850
1710800
1710770
1710700
1710630
1710190
1710150
1710090
1709960
1709910
1709860
1709800
1709610
1709600
1709410
1709370
1709310
1709160
1709130
1709120
1708530
1708480
1708450
1708380
1708240
1708140
1708130
1708000
1707730
1707460
1707370
1707290
1707080
1706990
1706880
1706860
1706790
1706760
1706530
1706490
1706350
1706320
1706290
1706160
1706140
1706080
1706010
1705670
1705640
1705210
1704890
1704600
1704580
1704570
1704500
1704270
1704230
1704190
1703790
1703590
1703570
1703370
1703310
1703250
1703110
1702950
1702930
1702860
1702800
1702790
1702600
1702520
1702270
1702120
1702040
1701880
1701770
1701730
1701500
1701290
1701220
1701210
1701100
1700950
1700790
1700770
1700650
1700620
1700610
1700350
1700260
1700150
1700000
1699920
1699680
1699650
1699310
1699150
1699090
1699040
1698970
1698660
1698620
1698410
1698320
1698260
1697900
1697890
1697860
1697750
1697740
1697240
1696840
1696730
1696700
1696660
1696410
1696320
1696210
1696140
1695700
1695640
1695020
1694900
1694680
1694590
1694540
1694340
1694330
1694090
1693810
1693170
1693030
1692740
1692690
1691690
1691680
1691530
1691070
1691050
1691030
1690940
1690920
1690910
1690680
1690630
1690520
1690460
1690450
1690280
1690170
1689960
1689860
1689460
1689380
1689210
1689040
1688930
1688890
1688820
1688790
1688370
1688020
1687640
1687580
1687340
1686760
1686580
1686410
1686360
1686330
1686020
1685480
1684810
1684550
1684300
1684280
1684190
1684030
1683980
1683940
1683930
1683830
1683480
1683330
1683280
1683110
1682760
1682630
1682430
1681800
1681780
1681570
1681130
1681070
1680840
1680430
1680040
1679920
1679780
1679750
1679650
1679560
1679440
1679380
1679370
1679250
1679150
1679050
1679020
1678670
1678610
1678490
1678380
1678330
1678210
1678180
1678010
1677860
1677850
1677820
1677680
1677670
1677640
1677390
1677050
1677040
1677000
1676750
1676650
1676490
1676460
1676220
1675700
1675420
1674760
1674430
1674140
1674050
1673860
1673810
1673590
1673260
1673170
1673080
1673060
1673050
1672940
1672850
1672370
1672120
1671750
1671620
1671230
1670940
1670850
1670820
1670470
1670400
1670360
1670180
1670110
1670090
1670020
1669840
1669830
1669800
1669730
1669660
1669640
1669570
1669540
1669520
1669510
1669280
1669100
1669090
1669080
1669060
1669040
1669020
1669010
1668980
1668900
1668770
1668760
1668600
1668550
1668500
1668490
1668400
1668370
1668200
1668050
1668040
1667810
1667710
1667640
1667520
1667470
1667350
1667200
1667150
1667140
1666920
1666750
1666740
1666680
1666670
1666620
1666580
1666570
1666560
1666490
1666350
1666160
1666120
1666100
1666060
1665980
1665950
1665700
1665690
1665620
1665550
1665410
1665230
1665140
1665110
1664780
1664680
1664640
1664510
1664420
1664330
1664310
1664290
1664260
1664230
1664170
1664000
1663980
1663960
1663880
1663670
1663660
1663350
1663310
1663090
1663060
1662950
1662900
1662810
1662780
1662760
1662530
1662520
1662420
1662360
1662330
1662280
1662240
1662200
1662120
1662070
1662020
1661960
1661860
1661850
1661740
1661670
1661660
1661650
1661470
1661440
1661410
1661350
1661310
1661300
1661290
1661250
1661220
1661190
1661170
1661050
1661040
1661030
1661010
1660930
1660830
1660820
1660780
1660770
1660730
1660720
1660710
1660700
1660670
1660650
1660540
1660470
1660320
1660120
1660050
1659900
1659870
1659860
1659850
1659720
1659690
1659660
1659620
1659480
1659440
1659390
1659310
1659280
1659220
1659130
1659100
1659060
1658890
1658820
1658790
1658690
1658660
1658640
1658590
1658380
1658360
1658350
1658320
1658270
1658250
1658240
1658230
1658140
1658130
1658030
1657970
1657940
1657930
1657890
1657820
1657790
1657670
1657660
1657650
1657560
1657530
1657490
1657470
1657440
1657420
1657410
1657400
1657390
1657370
1657340
1657300
1657220
1657190
1657180
1657160
1657070
1657000
1656990
1656980
1656940
1656830
1656710
1656630
1656550
1656290
1656270
1656260
1656150
1655980
1655860
1655790
1655690
1655680
1655640
1655590
1655530
1655500
1655460
1655450
1655390
1655350
1655340
1655320
1655240
1655180
1655160
1655000
1654990
1654870
1654840
1654750
1654650
1654610
1654600
1654580
1654500
1654420
1654390
1654340
1654320
1654300
1654270
1654090
1654020
1654010
1654000
1653920
1653840
1653830
1653810
1653680
1653670
1653600
1653540
1653450
1653440
1653410
1653280
1653150
1653090
1652830
1652820
1652790
1652690
1652610
1652590
1652470
1652410
1652360
1652280
1652240
1652210
1652180
1652150
1652130
1651970
1651800
1651790
1651770
1651740
1651590
1651550
1651530
1651470
1651420
1651370
1651350
1651310
1651250
1651220
1651150
1651130
1651040
1650990
1650980
1650880
1650850
1650840
1650560
1650500
1650460
1650440
1650350
1650220
1649910
1649890
1649780
1649680
1649560
1649400
1649200
1649180
1649140
1649110
1649040
1648930
1648910
1648890
1648820
1648740
1648710
1648690
1648650
1648630
1648370
1648240
1648170
1648140
1648130
1648030
1647980
1647850
1647830
1647810
1647750
1647580
1647570
1647560
1647400
1647380
1647370
1647340
1647290
1647230
1647210
1647170
1647140
1647040
1646960
1646840
1646540
1646530
1646430
1646420
1646210
1646190
1646170
1646150
1646080
1645960
1645860
1645840
1645800
1645790
1645760
1645750
1645740
1645710
1645650
1645600
1645320
1645250
1645240
1645210
1645130
1644570
1644470
1644340
1644170
1644120
1644040
1643740
1643730
1643720
1643580
1643430
1643330
1643130
1643110
1643060
1642930
1642880
1642860
1642780
1642720
1642700
1642410
1642390
1642370
1642270
1642240
1642150
1642140
1642000
1641850
1641800
1641760
1641690
1641680
1641480
1641290
1641260
1641170
1641130
1641050
1641030
1641000
1640980
1640970
1640950
1640800
1640730
1640520
1640510
1640250
1640050
1640020
1639750
1639740
1639640
1639600
1639470
1639450
1639360
1639350
1639100
1639010
1638980
1638960
1638590
1638550
1638480
1638350
1638170
1637900
1637890
1637880
1637770
1637620
1637450
1637430
1637360
1636830
1636720
1636640
1636240
1636220
1636110
1636020
1635870
1635840
1635330
1635280
1635110
1635040
1634820
1634730
1634720
1634370
1634310
1634240
1633980
1633920
1633900
1633800
1633760
1633380
1633340
1633330
1633220
1633120
1632760
1632660
1632580
1632400
1632390
1632270
1632180
1632130
1632120
1632080
1632070
1631990
1631970
1631910
1631880
1631550
1631490
1631460
1631310
1630950
1630860
1630350
1630320
1630300
1629790
1629540
1629340
1629080
1628980
1628960
1628920
1628530
1628330
1628320
1628210
1628160
1628150
1628040
1627970
1627960
1627940
1627460
1627160
1627070
1626920
1626870
1626820
1626750
1626650
1626440
1626360
1626330
1626240
1626200
1625010
1624800
1624730
1624650
1624300
1624250
1624090
1624080
1624030
1623900
1623830
1623800
1622620
1622480
1621960
1621940
1621820
1621800
1621570
1621180
1620990
1620980
1620930
1620610
1620570
1620500
1620480
1620430
1620280
1620190
1620120
1619480
1619160
1619130
1619020
1618770
1618760
1618750
1618670
1617810
1617680
1617620
1617250
1617180
1617140
1617100
1615990
1615440
1614950
1614910
1614720
1614610
1613970
1613850
1613160
1613130
1612860
1611560
1611030
1610780
1610750
1610640
1610340
1610240
1609900
1609450
1609410
1609400
1608970
1608960
1608930
1608500
1608420
1608340
1608030
1607410
1607350
1607150
1606900
1606740
1606480
1606440
1606390
1606360
1606070
1606020
1605670
1605660
1605650
1605510
1605470
1605410
1605180
1605070
1604980
1604670
1604620
1604230
1604200
1604130
1604080
1604070
1604040
1603890
1603610
1603580
1603370
1603350
1602790
1602780
1602670
1602530
1602310
1602250
1602220
1602120
1601780
1601660
1601610
1601530
1601490
1601450
1601310
1601210
1601150
1600400
1600340
1599140
1599120
1598900
1598800
1598610
1598420
1598310
1598200
1598140
1598040
1597850
1597830
1597810
1597760
1597700
1597690
1597660
1597630
1597620
1597590
1597500
1597380
1596970
1596960
1596560
1596470
1596420
1596320
1596260
1595860
1595820
1595720
1595680
1595450
1595360
1595220
1594650
1594540
1594450
1594160
1594080
1593630
1593550
1593530
1593480
1593110
1593050
1592760
1592690
1592620
1592330
1592310
1592150
1592140
1592080
1591800
1591790
1591770
1591740
1591720
1591370
1591270
1591030
1590990
1590980
1590810
1590780
1590650
1590410
1590370
1590350
1590340
1590310
1590240
1590060
1589980
1589960
1589950
1589900
1589870
1589840
1589780
1589740
1589690
1589600
1589530
1589390
1589350
1589130
1588990
1588890
1588800
1588330
1588310
1588230
1588220
1588150
1588020
1587990
1587520
1587420
1587270
1587250
1587230
1587120
1587080
1587000
1586720
1586560
1586500
1586450
1586380
1586030
1585850
1585490
1585140
1585090
1585060
1584910
1584760
1584610
1584230
1584220
1584030
1583760
1583750
1583510
1583480
1583220
1583200
1583040
1582860
1582670
1582530
1582480
1582460
1582450
1582360
1582270
1582190
1582170
1582150
1582140
1582110
1581870
1581840
1581730
1581430
1581390
1580810
1580400
1580310
1580000
1579940
1579900
1579740
1579360
1579350
1579240
1579160
1578910
1578790
1578510
1578490
1578370
1578360
1578260
1578130
1578000
1577370
1577360
1576940
1576730
1576700
1576690
1576630
1576160
1576010
1575840
1575770
1575550
1575500
1575460
1575440
1575200
1574950
1574940
1574890
1574520
1574410
1574340
1573660
1573520
1573510
1573400
1573340
1573120
1573020
1572940
1572480
1572410
1572250
1572200
1571670
1571470
1571370
1571300
1571240
1570870
1570780
1570690
1570570
1570460
1570410
1570270
1570110
1569940
1569260
1569080
1569000
1568950
1568760
1568660
1568370
1568160
1568150
1568140
1568120
1567620
1566760
1566660
1566650
1566530
1566420
1566290
1566170
1566140
1566080
1565980
1565190
1564440
1564300
1564290
1564200
1564070
1563990
1563790
1563580
1563280
1563090
1563020
1562890
1562820
1562730
1562250
1562170
1562050
1561650
1560990
1560920
1560740
1560650
1560610
1560490
1560410
1560180
1560090
1560030
1559940
1559890
1559830
1559780
1559210
1559050
1558960
1558610
1558590
1557950
1557800
1557790
1557610
1557560
1557450
1557250
1556970
1556940
1556580
1556440
1556300
1556210
1555200
1555120
1555060
1554800
1554370
1554090
1553830
1553300
1553220
1553090
1552970
1552880
1552440
1552070
1552030
1551900
1551880
1550720
1550490
1550370
1550350
1549460
1549350
1548500
1548480
1548450
1548360
1548250
1547770
1547660
1547650
1547610
1547400
1547100
1546720
1546700
1546680
1546430
1546410
1546300
1546290
1546170
1546110
1545840
1545550
1544960
1544880
1544870
1544800
1544550
1544350
1544310
1544270
1544230
1544160
1544100
1543920
1543900
1543850
1543840
1543540
1543490
1543440
1543260
1543140
1543060
1542940
1542920
1542880
1542830
1542800
1542730
1542620
1542590
1542540
1542480
1542380
1542340
1542320
1542240
1542220
1542050
1541970
1541920
1541900
1541820
1541780
1541740
1541630
1541500
1541480
1541460
1541430
1541230
1541190
1541170
1541000
1540820
1540810
1540770
1540750
1540710
1540610
1540590
1540460
1540310
1540230
1540120
1540050
1539940
1539930
1539910
1539670
1539630
1539530
1539410
1539390
1539380
1539230
1539190
1539110
1538950
1538880
1538700
1538690
1538590
1538560
1538220
1538190
1538140
1538120
1538110
1537840
1537730
1537460
1537450
1537380
1537170
1537060
1537000
1536930
1536840
1536800
1536710
1536680
1536650
1536630
1536580
1536490
1536450
1536410
1536400
1536360
1536320
1536300
1536250
1536220
1536170
1536160
1536130
1536060
1535950
1535890
1535850
1535820
1535760
1535750
1535710
1535530
1535470
1535340
1535310
1535230
1535160
1535140
1535120
1535070
1535050
1535020
1534990
1534970
1534800
1534790
1534760
1534730
1534580
1534530
1534470
1534410
1534360
1534310
1534280
1534230
1534190
1534150
1534060
1533920
1533900
1533890
1533820
1533710
1533540
1533330
1533320
1533150
1533020
1532950
1532900
1532890
1532880
1532850
1532600
1532550
1532540
1532390
1532020
1531850
1531820
1531810
1531740
1531670
1531570
1531510
1531320
1531310
1531210
1530900
1530600
1530570
1530490
1530480
1530420
1530060
1529940
1529870
1529790
1529690
1529680
1529630
1529540
1529520
1529510
1529500
1529420
1529360
1529330
1529280
1529150
1529090
1529080
1529070
1529020
1529010
1529000
1528870
1528830
1528700
1528660
1528510
1528500
1528390
1528270
1528160
1528040
1527990
1527900
1527870
1527730
1527610
1527570
1527480
1527450
1527400
1527330
1527310
1527300
1526740
1526570
1526420
1526390
1526310
1526150
1526080
1526040
1525800
1525610
1525340
1525220
1525180
1525110
1524720
1524600
1524590
1524560
1524520
1524240
1524130
1524120
1524090
1524040
1524000
1523770
1523610
1523600
1523570
1523340
1522890
1522750
1522730
1522610
1522580
1522510
1522370
1522150
1522130
1521880
1521790
1521570
1521560
1521350
1521340
1521220
1521180
1521170
1520980
1520920
1520910
1520820
1520530
1520320
1520300
1520210
1520020
1519840
1519600
1519460
1519440
1519390
1519370
1519100
1518960
1518880
1518850
1518660
1518270
1518070
1518010
1517620
1517500
1517280
1517070
1516740
1516570
1516540
1516380
1516040
1515880
1515840
1515550
1515520
1515430
1515410
1515350
1515270
1515100
1515080
1515070
1514990
1514800
1514770
1514750
1514670
1514570
1514540
1514350
1514270
1514260
1514080
1514050
1513920
1513630
1513290
1512980
1512930
1512870
1512770
1512600
1512260
1512250
1512160
1511380
1511340
1510770
1510750
1510700
1510510
1510420
1510160
1510020
1509990
1509980
1509910
1509860
1509690
1509490
1509480
1509290
1509170
1509030
1508820
1508290
1507940
1507840
1507750
1507480
1507150
1507090
1507060
1507050
1506860
1506590
1506500
1506160
1506130
1506110
1506090
1505970
1505780
1505730
1505640
1505590
1505340
1505330
1504980
1504930
1504720
1504710
1504700
1504600
1504560
1504420
1504390
1504330
1504160
1504120
1504060
1503830
1503760
1503690
1503570
1503420
1503330
1503080
1503050
1502360
1501450
1501430
1501190
1501180
1500990
1500710
1500360
1500340
1500040
1499670
1499650
1499600
1499290
1499050
1498750
1498540
1498370
1498080
1497760
1497690
1497620
1497570
1497540
1497470
1497310
1497300
1497150
1497070
1497060
1496940
1496880
1496740
1496580
1496570
1496550
1495880
1495650
1495550
1495410
1494880
1494490
1494360
1494340
1494040
1493770
1493630
1493180
1492880
1492520
1492400
1492390
1492110
1491990
1491940
1491840
1491760
1491740
1491610
1491590
1491580
1491440
1491370
1491310
1491240
1491160
1491080
1490660
1490560
1490520
1490320
1490230
1490220
1490150
1490140
1490120
1489760
1489650
1489640
1489530
1489270
1489260
1489050
1488990
1488890
1488880
1488630
1488520
1488460
1488450
1488360
1488330
1488210
1488120
1487660
1487600
1487340
1487290
1487130
1487110
1487040
1486740
1486650
1486640
1486550
1486260
1486220
1486100
1485850
1485710
1485700
1485670
1485520
1485410
1485300
1485000
1484930
1484860
1484710
1484630
1484570
1484160
1483880
1483660
1483590
1483530
1483420
1483250
1483200
1483050
1482760
1482590
1482440
1482070
1481280
1480790
1480680
1480490
1480000
1479950
1479820
1479690
1479420
1479410
1479380
1478890
1478690
1478530
1478430
1478290
1478280
1478170
1478100
1478040
1477760
1477160
1477090
1476990
1476740
1476320
1476270
1476110
1475930
1475820
1475720
1475690
1475480
1475410
1474980
1474960
1474560
1474370
1474330
1474230
1474210
1474170
1474040
1473990
1473950
1473460
1473340
1472900
1472750
1471890
1471400
1471330
1471140
1471100
1471090
1471060
1470890
1470700
1470440
1470210
1469720
1469640
1469480
1468980
1468590
1468440
1468360
1468300
1468210
1468170
1467950
1467910
1467750
1467690
1467640
1467630
1467180
1466910
1466510
1466250
1466020
1465770
1464920
1464800
1464660
1464530
1464020
1463540
1463200
1463070
1462770
1462630
1462590
1462500
1462300
1461830
1461820
1461660
1461250
1460980
1460720
1460590
1460430
1460410
1460320
1459860
1459750
1459730
1459620
1459310
1459290
1459270
1459190
1459060
1458570
1458470
1458290
1458040
1457970
1457850
1457250
1456990
1456960
1456850
1456620
1456530
1456240
1456070
1456010
1455210
1455180
1455160
1455150
1455010
1454740
1454210
1453170
1453100
1452780
1452730
1452710
1452040
1452030
1451690
1451280
1451270
1450930
1450810
1450550
1450490
1450110
1449860
1449830
1449800
1449680
1449120
1449080
1448930
1448720
1448660
1448500
1448380
1448210
1448010
1447850
1447840
1447720
1447660
1447560
1447450
1447320
1447270
1447220
1446940
1446740
1446080
1446020
1445970
1445710
1445640
1445610
1445510
1445330
1445220
1445200
1444970
1444960
1444930
1444520
1444470
1444460
1444440
1444400
1444380
1444340
1444330
1444280
1444270
1444240
1443930
1443870
1443860
1443800
1443710
1443670
1443580
1443560
1443520
1443480
1443440
1443230
1443140
1442960
1442860
1442830
1442790
1442760
1442690
1442580
1442570
1442560
1442440
1442400
1442330
1442260
1442200
1442110
1442030
1441960
1441860
1441810
1441780
1441640
1441620
1441580
1441540
1441420
1441390
1441380
1441320
1441310
1441260
1441220
1441170
1441140
1441080
1441070
1440970
1440960
1440900
1440770
1440740
1440690
1440660
1440650
1440590
1440540
1440490
1440460
1440270
1440180
1440170
1440140
1440120
1440070
1440060
1440000
1439940
1439910
1439890
1439870
1439830
1439820
1439770
1439730
1439650
1439640
1439580
1439560
1439510
1439470
1439410
1439250
1439240
1439200
1439140
1439110
1439080
1438990
1438920
1438910
1438900
1438890
1438880
1438840
1438790
1438740
1438720
1438640
1438600
1438580
1438560
1438540
1438520
1438500
1438490
1438460
1438400
1438380
1438360
1438320
1438310
1438300
1438200
1438170
1438080
1438030
1437930
1437920
1437910
1437900
1437800
1437740
1437730
1437670
1437630
1437590
1437540
1437530
1437510
1437470
1437440
1437360
1437300
1437230
1437140
1437110
1436820
1436730
1436720
1436630
1436560
1436530
1436500
1436430
1436380
1436350
1436270
1436260
1436250
1436140
1436130
1436100
1436030
1436010
1435990
1435890
1435830
1435760
1435740
1435720
1435600
1435570
1435490
1435400
1435390
1435380
1435360
1435350
1435200
1435190
1435110
1434920
1434860
1434740
1434710
1434700
1434680
1434640
1434420
1434400
1434360
1434210
1434120
1434110
1434100
1433920
1433820
1433810
1433800
1433790
1433780
1433700
1433590
1433380
1433370
1433360
1433230
1433220
1433160
1433150
1433060
1432990
1432920
1432900
1432870
1432830
1432820
1432800
1432780
1432720
1432700
1432690
1432600
1432370
1432240
1432010
1431960
1431660
1431650
1431640
1431580
1431560
1431520
1431500
1431360
1431200
1431090
1431000
1430870
1430780
1430710
1430700
1430660
1430650
1430550
1430510
1430430
1430260
1430210
1430130
1430080
1429940
1429930
1429920
1429900
1429770
1429690
1429650
1429590
1429460
1429430
1429420
1429250
1429140
1429120
1429110
1429050
1428910
1428850
1428830
1428620
1428450
1428430
1428380
1428350
1428280
1428210
1428050
1428010
1427720
1427690
1427500
1427330
1427280
1427260
1427110
1426550
1426520
1426420
1426380
1426150
1426030
1425900
1425680
1425610
1425530
1425400
1425310
1425100
1425060
1425020
1424810
1424760
1424670
1424490
1424460
1424410
1424390
1424280
1424260
1424160
1424090
1423850
1423740
1423710
1423700
1423580
1423530
1423520
1423490
1423460
1423320
1423190
1423160
1423130
1423040
1422900
1422890
1422870
1422840
1422800
1422530
1422470
1422330
1422140
1422030
1421990
1421950
1421750
1421680
1421560
1421400
1421150
1421090
1421060
1421050
1421040
1421010
1421000
1420940
1420900
1420620
1420520
1420410
1420380
1420370
1420250
1420140
1419890
1419830
1419570
1419540
1419400
1419250
1419240
1419220
1419210
1419010
1418950
1418940
1418930
1418920
1418910
1418770
1418600
1418560
1418550
1418530
1418500
1418410
1418370
1418250
1418200
1418130
1418120
1418080
1418000
1417980
1417920
1417800
1417710
1417480
1417470
1417440
1417430
1417410
1417290
1416880
1416790
1416660
1416500
1416370
1416320
1416250
1416010
1415940
1415910
1415610
1415490
1415290
1415060
1415040
1414880
1414860
1414810
1414460
1414370
1414340
1414260
1414190
1414100
1413920
1413810
1413690
1413360
1413340
1413130
1413060
1413030
1412920
1412800
1412730
1412700
1412590
1412430
1412340
1412320
1412090
1412050
1411930
1411850
1411790
1411690
1411620
1411540
1411310
1411300
1411210
1411130
1411120
1410970
1410930
1410780
1410750
1410690
1410650
1410630
1410510
1410350
1410340
1410190
1409920
1409860
1409790
1409750
1409660
1409280
1409080
1409060
1408980
1408940
1408880
1408800
1408790
1408770
1408750
1408740
1408670
1408520
1408460
1408440
1408320
1408280
1408270
1408190
1408010
1407980
1407940
1407930
1407770
1407740
1407650
1407510
1407480
1407470
1407350
1407310
1407270
1407260
1407230
1407220
1407120
1407110
1407010
1406970
1406940
1406870
1406790
1406500
1406480
1406460
1406330
1406180
1406130
1406100
1406070
1406050
1405920
1405900
1405880
1405860
1405850
1405770
1405750
1405710
1405700
1405690
1405680
1405490
1405460
1405410
1405370
1405290
1405250
1405230
1405190
1405160
1405120
1405080
1404880
1404860
1404810
1404760
1404720
1404670
1404650
1404620
1404540
1404470
1404460
1404440
1404420
1404200
1404140
1404060
1404020
1403980
1403970
1403930
1403910
1403870
1403780
1403770
1403730
1403690
1403670
1403600
1403560
1403500
1403490
1403420
1403410
1403360
1403290
1403260
1403220
1403200
1403180
1402890
1402860
1402810
1402750
1402730
1402720
1402680
1402590
1402570
1402500
1402490
1402470
1402450
1402360
1402310
1402300
1402260
1402240
1402220
1402210
1402180
1402150
1402140
1402100
1402070
1402040
1401900
1401850
1401770
1401660
1401640
1401600
1401550
1401540
1401470
1401310
1401260
1401140
1400950
1400860
1400600
1400570
1400500
1400470
1400420
1400410
1400370
1399970
1399950
1399890
1399560
1399350
1399330
1399310
1399290
1399050
1398640
1398350
1398250
1398240
1398160
1398090
1397780
1397700
1397670
1397610
1397430
1397420
1397400
1397310
1397120
1397100
1397090
1397080
1397020
1396940
1396900
1396620
1396320
1396220
1396200
1396090
1395970
1395910
1395880
1395820
1395650
1395620
1395350
1395210
1394910
1394850
1394840
1394820
1394770
1394730
1394710
1394670
1394560
1394220
1394200
1394080
1393920
1393730
1393720
1393700
1393510
1393190
1392950
1392930
1392900
1392890
1392880
1392810
1392640
1392630
1392180
1392050
1392010
1391950
1391920
1391780
1391460
1391290
1391030
1391010
1390800
1390750
1390550
1390330
1390240
1389660
1389590
1389250
1389150
1388980
1388820
1388800
1388610
1388560
1388500
1388440
1388120
1387990
1387960
1387660
1387550
1387470
1387330
1386960
1386690
1386640
1386420
1386370
1386260
1386250
1386240
1386120
1386070
1386010
1385520
1385420
1385360
1385270
1385240
1385230
1385200
1385040
1384850
1384730
1384470
1384410
1384280
1384270
1383820
1383590
1383560
1383460
1383380
1383360
1383350
1383320
1383210
1383130
1383000
1382580
1382520
1382470
1382150
1382060
1381960
1381940
1381870
1381730
1381700
1381540
1381420
1381390
1381250
1381160
1380930
1380920
1380870
1380640
1380570
1380270
1380240
1380130
1380100
1380080
1379990
1379910
1379860
1379340
1379250
1379090
1379010
1378970
1378960
1378770
1378640
1378310
1378300
1378130
1377820
1377400
1376780
1376600
1376510
1376440
1376410
1376380
1376330
1376190
1376130
1376100
1376050
1375980
1375170
1374980
1374780
1374530
1374270
1374210
1374180
1373730
1373570
1373370
1373330
1373130
1373010
1372970
1372770
1372760
1372440
1372340
1372240
1371840
1371360
1371150
1370360
1369940
1369930
1369500
1368680
1368600
1368530
1368520
1368290
1368250
1367870
1367810
1367510
1367500
1367470
1367440
1366890
1366630
1366620
1366220
1366140
1366120
1365910
1365820
1365790
1365640
1364920
1364910
1364880
1364530
1364410
1364080
1364040
1363720
1363280
1363220
1363010
1362820
1362530
1362230
1362210
1362140
1362060
1361940
1361890
1361550
1360930
1360920
1360470
1360300
1360090
1359560
1359550
1359490
1359290
1358980
1358720
1358480
1358350
1357560
1357260
1357080
1356590
1356560
1356450
1356420
1356400
1356270
1356230
1356200
1356170
1356150
1356130
1355990
1355730
1355540
1355270
1355180
1355040
1354780
1354160
1354130
1354030
1353630
1353580
1353500
1353380
1353340
1353260
1352640
1352550
1352390
1351940
1351760
1350640
1350420
1350130
1349880
1349550
1349360
1349330
1349240
1348940
1348580
1348310
1348210
1348010
1347930
1347910
1347280
1346810
1346640
1346490
1346430
1345790
1345460
1345110
1344700
1344560
1344360
1344240
1344160
1343840
1343710
1343170
1342950
1342780
1342610
1342420
1342370
1342350
1342320
1342210
1341990
1341950
1341730
1341020
1341000
1340880
1340790
1340710
1340270
1340190
1339830
1339740
1339710
1339470
1339240
1339190
1339120
1338810
1338760
1338690
1338440
1338200
1338120
1337960
1337750
1337700
1337110
1337040
1336540
1336260
1336110
1335960
1335620
1335550
1335470
1334990
1334380
1334320
1334210
1334160
1334090
1333960
1333820
1333070
1333060
1332600
1332580
1332550
1332530
1332390
1331830
1331260
1331050
1330590
1330110
1330090
1329650
1329150
1328800
1328680
1328600
1328580
1328450
1328390
1328370
1328360
1328320
1328310
1328290
1328270
1328260
1328250
1328240
1328180
1328160
1328080
1328020
1327990
1327910
1327900
1327880
1327860
1327850
1327800
1327750
1327740
1327690
1327680
1327670
1327620
1327590
1327560
1327550
1327520
1327500
1327480
1327460
1327380
1327360
1327270
1327250
1327220
1327180
1327170
1327160
1327110
1327070
1327060
1326980
1326900
1326880
1326860
1326840
1326820
1326800
1326790
1326750
1326690
1326680
1326630
1326620
1326610
1326590
1326580
1326570
1326560
1326550
1326540
1326530
1326520
1326500
1326490
1326480
1326460
1326450
1326440
1326430
1326410
1326400
1326390
1326380
1326370
1326350
1326320
1326310
1326280
1326250
1326230
1326210
1326200
1326180
1326160
1326150
1326140
1326130
1326120
1326100
1326090
1326070
1326050
1326040
1326030
1326020
1326010
1325990
1325980
1325850
1325840
1325830
1325820
1325810
1325780
1325770
1325760
1325750
1325740
1325710
1325680
1325670
1325660
1325650
1325630
1325600
1325590
1325510
1325490
1325460
1325440
1325390
1325360
1325350
1325330
1325250
1325240
1325160
1325150
1325110
1325100
1325090
1325060
1325050
1325020
1325010
1324990
1324960
1324930
1324920
1324910
1324880
1324850
1324800
1324750
1324690
1324680
1324640
1324600
1324580
1324520
1324440
1324430
1324330
1324310
1324300
1324290
1324280
1324260
1324250
1324230
1324220
1324210
1324200
1324100
1324020
1323980
1323970
1323890
1323850
1323780
1323750
1323700
1323690
1323680
1323650
1323640
1323590
1323570
1323560
1323550
1323520
1323500
1323450
1323430
1323340
1323330
1323310
1323290
1323280
1323260
1323170
1323160
1323150
1323120
1323090
1323070
1323040
1323020
1323010
1322990
1322980
1322970
1322960
1322950
1322940
1322930
1322920
1322890
1322880
1322870
1322860
1322850
1322840
1322810
1322800
1322760
1322750
1322720
1322710
1322690
1322660
1322630
1322620
1322610
1322570
1322560
1322480
1322420
1322400
1322390
1322380
1322360
1322240
1322230
1322210
1322200
1322190
1322150
1322140
1322130
1321960
1321950
1321930
1321900
1321860
1321850
1321830
1321820
1321750
1321740
1321730
1321720
1321710
1321700
1321670
1321640
1321560
1321510
1321500
1321490
1321480
1321470
1321430
1321420
1321410
1321390
1321380
1321340
1321330
1321310
1321300
1321280
1321260
1321250
1321240
1321210
1321190
1321150
1321140
1321130
1321100
1321060
1321050
1321000
1320980
1320970
1320960
1320930
1320920
1320900
1320870
1320860
1320840
1320800
1320750
1320740
1320720
1320680
1320660
1320650
1320630
1320620
1320610
1320590
1320570
1320480
1320450
1320390
1320380
1320370
1320340
1320300
1320290
1320270
1320220
1320210
1320200
1320190
1320180
1320160
1320130
1320090
1320070
1320050
1320040
1320010
1319910
1319860
1319740
1319600
1319560
1319540
1319470
1319390
1319360
1319340
1319240
1319200
1319190
1319170
1319120
1319110
1319090
1319080
1319070
1319040
1319020
1318950
1318930
1318910
1318900
1318850
1318830
1318810
1318770
1318710
1318650
1318640
1318630
1318540
1318490
1318470
1318460
1318440
1318410
1318370
1318350
1318340
1318330
1318310
1318080
1318070
1318040
1318010
1317990
1317910
1317880
1317870
1317860
1317540
1317520
1317510
1317440
1317410
1317370
1317350
1317320
1317220
1317190
1317170
1317140
1317130
1317110
1317090
1317050
1317030
1316990
1316980
1316960
1316940
1316930
1316920
1316900
1316890
1316790
1316690
1316660
1316650
1316630
1316620
1316590
1316580
1316420
1316410
1316320
1316120
1316010
1315880
1315850
1315820
1315790
1315690
1315590
1315530
1315500
1315490
1315450
1315420
1315380
1315340
1315190
1315060
1315020
1314960
1314920
1314910
1314810
1314750
1314740
1314640
1314610
1314580
1314570
1314520
1314390
1314380
1314330
1314280
1314260
1314220
1314120
1314100
1314030
1314020
1313990
1313980
1313930
1313920
1313900
1313890
1313830
1313790
1313780
1313750
1313720
1313680
1313650
1313620
1313550
1313510
1313450
1313440
1313430
1313410
1313390
1313320
1313250
1313240
1313220
1313170
1313100
1313080
1313000
1312970
1312890
1312870
1312860
1312850
1312830
1312810
1312800
1312770
1312730
1312710
1312700
1312690
1312680
1312650
1312640
1312620
1312590
1312580
1312560
1312520
1312500
1312400
1312390
1312350
1312330
1312280
1312220
1312120
1312110
1312100
1312030
1311980
1311950
1311900
1311890
1311850
1311750
1311500
1311480
1311450
1311110
1311060
1311050
1311040
1311020
1311010
1311000
1310980
1310960
1310930
1310880
1310850
1310820
1310810
1310800
1310780
1310750
1310710
1310680
1310660
1310640
1310610
1310600
1310570
1310540
1310530
1310440
1310420
1310400
1310360
1310340
1310260
1310250
1310240
1310220
1310200
1310090
1310070
1310030
1309800
1309740
1309650
1309640
1309630
1309600
1309560
1309480
1309220
1309180
1309010
1308970
1308890
1308710
1308530
1308430
1308310
1308290
1308020
1307970
1307950
1307910
1307820
1307800
1307790
1307570
1307510
1307360
1307350
1307100
1307040
1307030
1307020
1307010
1306980
1306960
1306800
1306700
1306670
1306660
1306650
1306270
1306220
1306190
1306170
1306090
1306080
1305980
1305830
1305790
1305770
1305710
1305700
1305670
1305560
1305550
1305480
1305400
1305160
1305110
1305020
1304970
1304950
1304860
1304760
1304710
1304700
1304570
1304380
1304370
1304270
1304200
1304040
1303920
1303840
1303750
1303710
1303580
1303570
1303540
1303340
1303330
1303320
1303290
1303120
1303100
1303040
1302980
1302880
1302870
1302740
1302670
1302640
1302560
1302390
1302360
1302350
1302260
1302250
1302140
1302120
1302100
1301790
1301750
1301570
1301450
1301440
1301350
1301270
1301240
1301090
1300930
1300870
1300800
1300780
1300690
1300660
1300530
1300510
1300400
1300320
1300290
1300120
1299920
1299830
1299640
1299570
1299490
1299470
1299440
1299350
1299020
1298970
1298910
1298860
1298810
1298800
1298760
1298630
1298580
1298570
1298460
1298370
1298330
1298290
1298250
1298230
1298150
1298120
1298110
1297980
1297940
1297880
1297690
1297610
1297580
1297510
1297500
1297420
1297290
1297280
1297150
1297140
1297110
1297100
1297060
1297020
1296990
1296950
1296910
1296850
1296800
1296780
1296750
1296590
1296520
1296380
1296350
1296310
1296270
1296240
1296210
1296000
1295980
1295970
1295940
1295780
1295770
1295590
1295550
1295470
1295410
1295370
1295360
1295310
1295200
1295150
1295090
1295050
1294980
1294960
1294900
1294850
1294840
1294730
1294710
1294700
1294640
1294570
1294490
1294430
1294400
1294330
1294290
1294250
1294100
1293810
1293770
1293680
1293550
1293490
1293470
1293290
1293270
1293210
1293200
1293090
1293020
1293010
1292990
1292930
1292870
1292830
1292820
1292810
1292800
1292580
1292570
1292530
1292470
1292380
1292370
1292360
1292330
1292110
1292000
1291940
1291820
1291650
1291580
1291430
1291390
1291270
1290810
1290500
1290470
1290360
1290300
1290280
1290020
1289930
1289630
1289530
1289420
1289410
1289250
1288950
1288880
1288810
1288660
1287910
1287660
1287330
1286740
1286500
1286450
1286430
1285710
1285570
1285470
1285170
1285120
1284930
1284560
1284420
1284220
1283870
1283670
1283570
1283340
1282660
1282640
1282420
1282310
1282070
1281720
1281550
1281460
1281440
1280740
1280690
1280580
1280230
1280140
1279900
1279870
1279600
1278660
1278640
1278560
1277780
1277620
1277380
1277270
1277200
1277120
1277110
1276860
1276440
1276400
1276110
1276080
1275420
1275200
1275160
1275140
1274790
1274780
1274740
1274500
1274330
1274220
1274130
1274120
1273880
1273360
1273300
1272950
1272910
1272310
1271490
1271360
1270700
1270640
1270630
1270600
1270530
1270470
1270410
1270400
1270260
1270060
1269860
1269680
1269670
1269610
1269460
1269430
1269380
1269340
1269330
1269210
1269170
1269160
1269060
1269000
1268950
1268930
1268890
1268760
1268740
1268720
1268480
1268440
1268320
1268310
1268220
1268170
1268090
1268080
1267610
1267570
1267520
1267450
1267430
1267420
1267320
1267200
1267190
1267150
1266970
1266660
1266620
1266550
1266110
1265880
1265760
1265610
1265490
1265400
1264950
1264690
1264540
1264530
1264380
1264070
1263670
1263480
1263470
1263380
1262950
1262710
1262700
1262680
1262250
1261890
1261810
1261350
1261330
1260870
1260760
1260640
1259720
1259120
1258880
1258860
1258850
1258810
1258680
1258630
1258600
1258380
1258330
1258160
1258120
1257990
1257960
1257260
1257020
1256990
1256880
1256820
1256580
1256570
1256540
1256460
1256260
1255860
1255690
1255580
1255290
1255190
1254960
1254800
1254550
1253890
1253850
1253660
1253310
1253290
1252620
1252500
1252150
1252110
1251820
1251650
1251260
1250840
1250820
1250190
1250130
1250000
1249960
1249600
1248980
1248600
1248470
1248410
1248290
1248110
1247990
1247890
1247050
1246920
1246550
1246430
1246010
1245830
1245710
1245680
1245410
1244940
1244820
1244750
1244540
1244020
1243990
1243860
1243720
1243330
1242990
1241920
1241680
1241360
1241170
1240870
1240670
1240580
1240540
1240340
1240330
1239770
1239650
1239420
1239410
1239340
1239190
1238550
1238410
1238170
1238120
1237940
1237930
1237910
1237620
1237360
1237350
1237340
1236940
1236460
1236420
1235960
1235850
1235780
1235650
1235580
1235380
1235370
1235320
1235070
1234710
1234470
1233960
1233860
1233730
1233520
1233490
1233390
1232880
1232190
1231930
1231860
1231830
1231510
1231200
1230600
1230470
1230260
1229980
1229770
1229400
1229000
1228980
1228650
1227770
1227710
1227640
1227540
1227180
1227140
1226900
1226570
1226430
1226410
1226360
1226350
1226340
1226330
1226320
1226310
1226300
1226290
1226280
1226270
1226050
1225900
1225760
1225500
1224950
1224880
1224460
1224300
1224230
1223730
1223510
1223460
1223400
1223330
1223170
1222820
1222590
1222410
1222110
1221750
1221040
1221020
1221010
1221000
1220960
1220950
1220860
1220810
1220740
1220590
1220380
1220350
1220310
1220260
1219680
1219670
1219640
1219510
1219470
1218910
1218730
1218340
1218190
1217980
1217940
1217700
1217460
1217290
1216410
1216170
1215840
1215470
1215440
1215420
1215330
1215300
1215100
1215080
1215040
1214770
1213970
1213800
1213520
1213410
1213200
1213190
1213090
1213010
1212980
1212340
1212060
1212000
1211850
1211290
1211260
1211150
1211140
1211090
1211080
1211000
1210940
1210840
1210810
1210600
1210180
1209690
1209580
1209310
1208970
1208650
1208480
1208430
1208360
1208310
1208210
1208100
1207830
1207670
1207600
1207270
1207220
1207140
1206990
1206980
1206950
1206220
1206210
1206170
1206150
1205870
1205750
1205730
1205280
1205080
1204770
1204640
1204610
1204570
1204460
1204420
1204340
1204260
1204240
1204020
1203870
1203700
1203340
1203010
1203000
1202910
1202350
1201780
1201680
1201670
1201480
1201460
1201440
1201070
1200500
1200480
1200310
1199810
1199570
1199440
1199230
1199190
1199070
1199020
1198990
1198910
1198800
1198500
1197410
1197130
1197080
1196960
1196910
1196870
1196840
1196720
1196330
1196180
1195790
1195590
1195260
1194640
1194290
1194060
1193860
1193480
1193400
1193240
1193220
1193130
1193060
1192670
1192520
1191980
1191530
1191360
1191290
1191150
1191090
1190730
1190520
1190450
1190360
1190260
1189940
1189530
1189400
1189370
1189300
1189150
1188910
1188810
1188770
1188640
1188570
1188530
1188110
1187500
1187450
1187210
1187020
1186980
1186970
1186750
1186620
1186520
1186120
1186060
1185980
1185970
1185720
1185550
1185310
1185130
1185070
1185050
1185040
1185030
1184870
1184830
1184380
1184080
1183990
1183930
1183860
1183820
1183730
1183460
1183310
1183290
1183250
1183180
1182950
1182880
1182840
1182730
1182550
1182450
1182220
1182160
1182150
1182100
1181760
1181730
1181700
1181500
1181150
1181050
1180770
1180710
1180640
1180050
1179900
1179780
1179700
1179590
1179510
1179360
1178420
1178350
1178080
1178040
1177530
1177440
1177410
1177360
1177230
1177220
1177120
1177090
1176830
1176550
1176350
1175560
1175440
1175270
1175020
1174960
1174840
1173670
1173520
1173290
1173160
1172970
1172740
1172670
1172320
1172200
1171850
1171830
1171780
1171170
1170480
1169910
1169700
1169660
1169550
1169350
1169080
1168890
1168460
1168260
1167480
1167240
1167200
1167160
1166930
1166880
1166850
1166810
1166770
1166610
1166560
1166330
1166300
1166280
1166150
1166020
1165810
1165770
1165710
1165480
1165250
1164900
1164820
1164790
1164510
1164420
1164320
1163840
1163540
1163450
1163420
1163410
1163390
1163120
1163110
1163010
1162870
1162740
1162550
1162060
1162040
1161850
1161530
1161470
1161350
1161340
1161310
1160970
1160830
1160430
1160210
1159850
1159620
1158640
1158550
1158330
1157770
1157530
1157370
1157240
1157140
1157060
1156720
1156260
1156150
1155740
1155370
1154710
1154620
1154600
1154200
1154070
1153770
1153660
1153270
1152960
1152860
1152850
1152390
1152350
1152170
1152060
1152030
1151790
1151420
1150880
1150410
1150330
1150210
1150150
1150020
1149870
1149060
1148790
1148610
1148240
1147990
1147730
1147160
1146580
1146190
1145890
1145470
1144930
1144830
1144430
1144320
1144190
1143950
1143920
1143830
1142700
1142690
1142670
1142540
1142520
1142260
1141680
1141610
1141520
1141370
1141200
1140980
1140680
1140650
1140560
1140040
1140010
1139750
1139500
1139250
1139040
1138950
1138860
1138840
1138350
1138160
1138110
1138050
1137430
1137380
1137340
1137140
1137090
1136410
1136400
1135790
1135780
1135460
1135420
1135080
1134590
1134090
1133860
1133720
1133690
1133600
1133490
1132650
1132310
1132130
1131860
1131480
1131220
1130390
1129500
1129430
1129300
1129120
1129100
1129060
1129000
1128930
1128760
1128030
1127780
1127770
1127670
1127000
1126960
1126670
1126480
1126460
1126410
1125680
1125660
1125440
1125300
1125010
1124480
1124470
1124460
1124340
1124200
1123930
1123720
1123690
1123670
1122380
1122060
1121830
1121700
1120890
1120510
1119580
1119510
1119420
1119050
1118370
1118210
1117050
1116000
1115740
1115680
1115410
1114970
1114840
1114780
1114600
1114470
1114250
1113590
1113260
1113180
1112510
1112310
1112300
1112290
1112140
1111700
1111560
1111240
1111230
1110970
1110960
1110480
1110440
1110260
1110040
1109390
1108830
1108670
1108520
1108340
1108290
1107960
1107770
1107410
1107280
1107150
1107080
1106810
1106270
1106050
1106040
1105680
1105230
1105170
1104950
1104540
1104300
1104240
1103380
1103220
1103190
1103170
1102710
1102570
1102560
1102300
1102180
1102170
1102120
1102010
1101860
1101560
1101410
1101070
1100730
1100720
1100580
1100310
1100280
1100100
1100080
1099930
1099760
1099650
1099610
1099570
1099540
1099520
1099490
1099020
1099000
1098930
1098920
1098780
1098590
1098050
1098020
1097720
1097700
1097680
1097440
1096880
1096820
1096660
1096250
1095910
1095830
1095740
1095730
1095580
1095390
1095310
1095270
1094650
1094330
1094240
1094090
1093740
1093540
1093460
1093210
1093200
1093100
1093090
1092960
1092940
1092810
1092010
1091600
1091310
1091000
1090890
1090430
1090400
1090040
1089900
1089610
1088970
1088690
1088580
1088500
1088300
1088270
1087930
1087880
1087430
1087390
1087260
1087180
1086880
1086380
1086200
1086020
1085980
1085850
1085810
1085100
1085060
1085030
1085020
1084890
1084780
1084750
1084500
1084390
1084230
1084150
1084000
1083780
1083680
1083660
1083630
1083540
1083530
1083390
1083370
1082950
1082380
1082080
1082060
1081980
1081700
1081640
1081570
1081480
1081390
1080980
1080650
1080620
1080540
1080500
1080300
1080260
1080210
1079700
1079680
1079170
1079080
1079020
1078990
1078980
1078940
1078900
1078880
1078790
1078720
1078710
1078700
1078690
1078650
1078620
1078540
1078300
1078230
1078160
1078120
1077500
1077380
1077220
1076960
1076400
1076390
1076030
1075490
1075440
1075340
1074760
1074580
1074570
1074450
1074020
1073980
1073940
1073880
1073830
1073750
1073330
1073290
1073260
1073110
1073070
1072980
1072970
1072670
1072260
1072130
1072080
1071990
1071830
1071650
1071630
1071450
1071380
1070420
1070270
1069980
1069950
1069830
1069770
1069620
1069590
1069340
1069200
1069070
1068970
1068560
1067240
1067170
1066640
1066590
1066560
1066270
1065800
1065790
1065330
1065300
1064830
1064470
1062930
1062600
1061770
1061560
1061290
1060580
1060430
1060420
1060410
1060140
1060040
1059950
1059940
1059870
1059670
1059650
1059210
1059050
1058700
1058620
1056380
1056300
1056030
1056000
1055840
1055720
1054880
1054840
1054680
1054530
1052910
1052060
1052000
1051760
1051720
1051660
1051510
1051370
1051180
1051140
1050600
1050220
1050030
1049960
1049500
1049150
1049110
1048630
1048390
1048290
1048190
1048030
1048010
1047980
1047590
1047500
1047080
1047000
1046810
1046780
1046450
1046160
1046020
1045710
1045570
1045460
1045200
1044990
1044650
1044320
1044050
1043770
1043670
1043650
1042660
1042340
1042120
1041420
1041410
1041180
1041090
1040920
1040790
1040660
1040220
1039820
1039630
1039050
1038420
1038270
1038030
1037580
1037490
1037390
1037220
1036940
1036650
1036160
1035870
1035740
1035620
1035140
1035040
1034680
1034180
1034070
1033550
1033180
1032990
1032600
1032550
1031980
1031430
1031150
1031060
1030570
1030130
1030070
1029880
1029590
1029200
1028960
1028670
1028450
1028190
1027940
1027740
1027630
1027150
1027040
1026990
1026700
1026570
1026460
1026000
1025720
1025180
1025080
1024420
1023830
1023820
1023810
1023430
1023170
1022950
1021990
1021980
1021960
1021730
1020700
1019870
1019840
1019800
1019770
1019470
1019140
1018940
1018920
1018650
1018190
1018180
1018140
1018100
1018030
1017830
1017710
1017570
1017530
1017470
1017310
1017280
1016640
1016580
1016240
1016220
1016050
1015810
1015560
1015000
1014910
1014120
1013850
1013080
1013010
1012740
1012230
1011800
1011770
1011690
1011060
1011040
1010720
1010630
1009620
1009280
1009250
1008840
1008170
1008040
1007620
1007500
1007410
1007310
1007020
1006910
1006870
1006540
1006480
1006300
1005960
1005880
1005280
1005270
1005150
1004720
1003930
1003720
1003550
1003500
1003280
1003110
1003030
1002400
1001850
1001610
1001510
1001210
1000920
1000840
1000740
1000730
1000570
1000560
1000060
999440
999370
998900
998870
998390
996670
996520
996480
996410
996260
996250
996090
995940
995710
994970
994800
994760
994580
994330
994060
994000
993700
993660
993620
993550
992830
992710
992470
992370
992270
992030
991690
991650
991610
990450
990100
990070
990040
990010
989980
989730
989670
989530
989360
989320
988990
988720
988630
988350
987650
986970
986050
985750
985700
985550
985450
985270
985250
985140
985060
984700
984550
984490
984100
984010
983950
983800
983580
982810
982530
981810
981530
981460
981380
981360
981340
981240
981150
981070
980710
980240
980180
979610
978890
978830
978600
978240
977710
977330
977280
977010
976910
976810
976480
975780
975480
975450
975440
974630
974560
974510
974260
973460
973430
973330
973020
972980
972840
972640
972530
972310
972130
972090
971730
970780
970700
970520
970270
970080
969850
969550
969440
969280
969170
969160
968750
966620
966030
965790
965530
964780
964580
964540
964510
964280
964200
964000
963580
963420
962590
962190
962100
961520
961500
961370
961360
961350
961340
961320
961020
960790
960410
959780
958460
958430
958340
958030
957870
957450
957340
957210
957040
956840
956290
955910
954630
954550
954540
954510
954480
954460
954370
954290
954230
954200
953390
953160
952770
952690
952630
951710
951560
950980
950940
950920
950770
950690
949730
949550
949440
947920
947320
946960
946590
946440
946250
946140
945940
945840
945640
945350
945190
945050
944940
944900
944790
944660
944570
944170
943620
943020
942820
942460
942420
942000
941880
941660
941450
941420
941010
940510
940250
940030
939910
939770
939630
939340
939070
939010
938090
938060
937250
936920
936750
936250
936240
935600
934900
933580
933370
933170
932580
932460
932230
932060
932030
932000
931900
931460
930890
930720
930260
930130
929090
928870
928080
928050
927940
927870
927820
927590
927140
927110
927100
927090
927070
926510
926460
925720
924690
924240
924060
923600
923280
923220
922940
922600
921650
921620
921610
921410
920650
919740
919700
919520
919420
919210
918710
918420
918390
917970
917110
916300
916200
915980
915520
915250
915050
915000
914360
913620
913510
913140
913050
913020
912970
912910
912880
912330
911980
911820
911730
911540
910740
909870
909650
909550
909450
908650
908640
908580
908570
907800
907740
907490
907360
907290
905780
905420
905100
905040
904730
904620
904460
904290
903980
903940
903820
903590
900280
900260
900250
899250
898880
898820
898730
898560
898100
898060
898030
897130
896060
895540
895530
894850
894550
894400
894280
894130
893820
893780
893410
892620
892530
892430
892220
892140
891910
891900
891010
890990
890960
890460
890430
890240
890230
890100
889940
889590
889580
889010
888680
887760
887190
887070
886750
886400
886190
886170
886030
885980
885540
885300
885130
884540
884510
884490
884120
883820
883700
883570
883340
882650
882540
882450
881990
881950
881800
881340
881070
881030
880760
880710
880290
880170
879550
879490
879180
878600
878530
878260
878130
878070
878040
877770
877740
877700
877210
877090
876660
876510
875650
875560
875330
874470
874110
874070
873570
873400
873340
873300
873100
872870
872860
872650
872640
872290
872160
872120
871970
871830
871130
870960
870300
869360
869210
868900
868840
868790
868750
868540
868030
866820
866810
865920
865380
864720
864330
863910
863820
863650
863610
863370
863360
863330
862820
862550
862510
862430
862090
861990
861130
860060
859910
859240
859110
858990
858790
858350
858110
857910
857830
857640
857250
856780
856700
856180
856030
855680
855120
855040
854820
854800
854600
854420
853890
853650
852970
852830
852710
852440
851620
850750
850020
849750
849570
849370
849120
849080
849040
848130
847700
847640
847440
847400
847110
846520
846290
846140
845990
845710
845470
844840
844710
844460
843330
843070
842550
842340
842160
842090
841940
841850
841760
841240
841170
841080
840460
840280
839950
839190
839000
838930
838450
838400
838060
837870
836710
836680
835780
835280
833880
833850
833840
833830
833780
832730
832440
832400
832090
832060
830550
829620
829230
829130
828940
828450
828390
828310
828260
828130
827200
826530
826510
825560
824350
824180
823870
823860
823460
823170
823120
822980
822820
822730
822570
822050
821590
820430
820060
819580
819490
819450
819350
819170
819000
818110
818000
817570
817320
817050
816970
816950
816540
816530
816470
816440
815960
815340
815060
814930
814520
813950
813870
813330
813070
812050
811050
810370
810260
810150
810110
809980
809910
809860
809820
809670
809290
809190
806980
806440
806410
805930
805620
805560
805250
805130
804820
804790
804500
804450
804390
804340
803970
803810
803670
802620
802580
802440
802420
802350
802170
801740
801640
801240
801070
800630
800610
800590
800570
800540
800460
800100
800060
800040
799980
799580
799100
798820
798620
798580
798450
798310
797580
797560
797260
797230
797210
796610
795300
795170
795020
794610
794590
794280
793790
793580
793120
792250
791690
791650
791560
791520
791250
791220
788460
788290
787830
787660
786860
786730
786550
786430
786300
785980
785630
785200
785010
784980
783490
783130
782550
781970
781470
781390
780860
780650
780490
780470
780250
779900
779750
779630
779080
778660
778560
778490
777680
777490
777070
776240
776090
776030
776010
775700
775510
775470
775360
775250
775240
773860
773680
773350
773310
773160
773100
772660
772520
772370
772350
772330
772310
772250
772140
772040
772030
771880
771740
771210
770840
769860
769120
768680
768160
766880
765760
765080
764620
764530
763960
763940
763920
763260
763170
762530
761680
761560
761530
761400
761240
760910
760830
760590
760260
760190
759910
759670
759470
759420
759380
759300
759020
758520
758360
758110
757970
757930
757570
757460
757220
757150
757090
756550
755990
755650
755400
755120
754870
754740
754730
754420
754280
754260
754030
753580
753430
753250
753080
753030
752860
752840
752820
752490
752260
751930
751910
751770
751070
751040
750750
750480
749640
749630
749530
749490
748900
748710
748190
748170
748000
747680
747530
747300
746970
746250
746170
746160
746150
745780
745310
745170
744160
744090
744080
743870
743590
743490
742910
742370
742160
742000
741980
741530
741060
741050
740850
740680
740440
740210
739970
739300
739230
739140
738890
738780
738120
737770
736870
736310
736270
735690
735400
735390
734720
734530
734520
734130
734060
733950
733830
733600
733330
733130
733000
731990
731370
731350
730940
730640
730540
730230
730020
729830
728500
728430
728080
727770
727710
727600
727270
727260
727160
726670
726530
726470
726440
726310
726240
725860
725310
725150
725130
724620
724380
724240
724230
723550
723120
722650
722610
721930
721910
721770
721490
721330
720260
720140
718950
718820
717500
716880
716820
716590
716320
716120
715750
715450
715130
715000
714900
714160
713990
713880
713300
713000
712800
711360
711340
711250
710680
710570
709320
708980
708690
708460
708410
708350
708320
708040
707840
707250
707130
706860
706830
706660
705900
705590
705580
705360
705140
704870
704570
704330
704240
703830
703390
702920
702590
702140
702000
701750
701650
701640
701560
701520
701500
701000
700550
700500
700370
700150
699440
699030
698460
698290
698120
697990
697720
697170
696920
696610
696290
695840
695730
695030
694740
694360
694350
694100
693900
693660
693220
693200
692960
692940
692520
691970
691610
691400
691290
690990
690720
690230
689690
689510
689420
689220
688920
688010
687930
687780
687550
687470
686840
686560
686460
686370
686080
685460
685380
685320
685180
684710
684280
684070
682650
682320
682090
681120
680710
680610
680600
680470
680430
679250
678720
678700
676950
676140
675520
675250
675190
674560
674080
674070
673790
673710
673410
673080
673030
672560
672200
671910
671410
671210
670860
670690
670530
670360
670300
670040
668400
668160
667480
667280
666970
666830
666180
665710
664880
664800
664540
664070
663270
663180
663070
662850
662420
662370
661980
661850
661580
660910
660870
660190
659310
659240
658460
656820
655840
654460
654230
653730
653150
652350
652220
651450
651410
650710
650640
650560
649830
649780
649500
649290
649090
649070
648970
648860
648540
648520
648030
647580
647520
646990
646880
646870
646690
646390
646340
646290
646190
646130
646080
646060
645950
645560
645300
645140
644940
644840
644730
643790
643770
643580
642810
640730
640020
639660
639580
639510
639210
639200
638660
638430
638370
636770
636650
636280
636060
635840
635740
635230
634820
634020
633830
633610
633590
633340
633200
633090
633070
632890
632810
632030
631890
631300
631190
630990
630880
630840
630760
630580
630410
630250
630000
629610
629510
629390
629260
628680
628220
627990
627610
627340
626670
626590
626230
626000
625750
625570
625440
625390
625290
625260
625210
625020
624480
624150
624140
623980
623770
623220
622940
622900
622860
622780
622570
622050
620510
620440
620400
620300
620250
620160
620030
619760
618960
618810
618580
618110
617730
617540
617200
617070
617010
616730
616340
616100
616080
616070
615960
615440
615430
615360
615100
615030
614590
614230
614010
613990
613340
612970
612950
612850
612830
612420
612360
612280
611890
611650
611590
610990
609980
609770
609750
609470
609380
608740
607730
607710
607540
607220
606740
606530
606390
606290
606220
606170
605890
605660
605570
605440
605420
605300
605170
605070
605010
604940
604580
604470
604440
604320
604080
604020
603980
603690
603600
603540
603440
601720
601090
601070
600730
600400
600160
599920
599680
599500
599110
599030
598830
598750
598650
598380
597880
597130
597080
596930
596920
596900
596550
596510
596060
596030
594670
594520
594250
593350
593080
592950
592880
592590
592210
591590
590260
588740
588530
588220
587600
587340
586510
586370
585530
585400
585380
585320
584870
584830
584730
584610
584590
583940
583710
583050
583020
582180
582140
582120
582000
580920
580810
580550
580250
580110
580070
579970
579600
579550
579460
578940
578840
577650
577200
576970
576900
576680
576330
575220
575180
574340
574130
573990
573630
573560
573480
573310
573250
573220
572460
572200
572150
572140
571700
571640
571490
571480
571450
571270
571090
570080
569880
569670
569650
569620
569580
569470
569170
568870
568790
568620
568210
567920
567440
567410
566840
566770
565990
565940
565850
565480
565440
565420
564800
564240
563990
563980
563770
563630
563290
563110
562170
562080
561820
561710
561580
560980
560780
560610
560520
560040
559700
559690
559160
558980
558900
558770
558710
558500
558430
558280
557980
557910
557840
557800
557710
557560
557540
557220
556930
556660
556430
556170
555910
555110
555020
554850
554650
553510
553200
553090
553080
552810
552730
552530
551900
551540
551530
551470
551350
551020
550700
550690
550530
550480
550410
550350
550000
548300
548160
548000
547610
547580
547550
547490
547350
545810
545190
544700
544450
544430
544010
543990
543850
543830
543080
542810
542510
542390
542140
541950
541890
541820
541250
541120
540670
540630
540210
540200
540170
540030
539250
539230
538890
538740
538650
538580
538450
538440
538420
538380
538340
537570
537240
536880
536860
536550
536390
536330
535810
535790
535660
535610
535470
535450
534970
534180
533140
533100
532860
532280
532140
532010
531870
531220
531210
531060
530840
530600
530570
530410
530210
530190
530090
530050
529980
529850
529740
529600
529310
528870
528690
528280
527980
527860
527090
526900
526770
526320
526260
525980
525930
525490
525340
525320
525140
524880
524860
524570
524550
524530
524410
524210
524130
524000
523950
523260
522910
522680
522600
522480
521370
521240
521070
520740
520570
520420
520260
520160
520070
519880
519100
519050
518420
518070
517690
517410
517390
517250
516990
516670
516660
516630
516490
516350
516340
515880
515280
515050
513280
512980
512950
512580
512500
512140
511970
511880
511710
511000
510950
510720
510690
510640
510470
510260
510160
509810
508920
508640
507540
507310
507230
507130
506860
506770
506180
506070
505890
505790
505720
505130
504740
504590
504200
503930
503810
503790
503760
503740
503670
503500
503260
503250
503170
503040
502620
502390
502260
501490
501360
501240
501130
501000
500830
500650
500510
500490
500330
499930
499320
499050
498880
498420
498290
498010
497770
497600
497330
496090
495880
495860
495270
495100
494950
494860
494550
494480
494400
494340
493940
493910
493860
493600
493360
493090
492380
491600
491320
491230
490830
489640
489620
489540
489350
489030
488800
488110
487510
487470
487410
487390
485710
485100
485070
485050
484360
483830
482790
482770
482370
480470
479220
479190
479030
478200
476910
476690
476500
476250
475110
474860
474850
474770
473980
473790
472850
471900
471880
471610
470800
470570
470160
469750
469680
469620
468890
468180
467070
466930
466510
466460
466440
465950
465940
465560
465550
465470
465460
465420
465400
465120
465090
464930
464550
464390
464250
464140
463330
463080
462360
461660
461470
461420
461330
461300
460980
460500
460450
460350
460180
459860
459560
459380
459320
458930
458880
458120
458080
458010
457800
457350
457040
457000
456400
456290
456100
456030
456020
455950
455920
455660
455630
455620
455510
455420
454980
454920
454760
454590
454490
454360
454300
453760
453640
452850
452280
451820
451810
451380
450510
449190
448680
447840
446340
446320
445790
445490
445440
445180
444980
444910
444750
444660
444600
443840
443640
443270
443230
442790
442720
442690
442280
441990
441960
441750
441690
441630
441520
441490
441430
441420
441370
440350
439780
439760
438590
438380
438250
438230
438170
438050
437860
437150
437050
436880
436810
436800
436730
436720
436700
436310
436170
436130
435520
435390
435220
435130
435090
434760
434640
434550
434080
433860
433050
432970
432810
432660
432530
432220
431420
430430
430040
429630
428090
428050
428030
427720
427630
427090
426900
426650
426340
426110
424220
424070
424050
423670
423450
423370
423330
423130
422170
422160
422080
421830
421640
419400
419060
418840
417950
417520
417420
416650
416440
416100
415870
415790
414050
413440
412390
411580
410920
410800
410680
410220
410030
409150
408530
408470
408180
408010
407960
407370
407040
406910
406820
406660
405350
404760
403210
403020
402410
402050
401980
401400
401350
401300
401220
400460
400330
400320
399760
399280
399010
398600
398440
398430
398280
397790
397610
397170
397050
396490
396290
396240
396190
395970
395510
395210
395070
394790
394710
394350
394190
394170
393730
393630
393500
393270
392960
392830
392340
392320
392300
392240
391450
391200
390800
390640
390020
389440
388950
388580
388350
388310
387380
387140
387000
386780
386530
385820
385790
384730
384670
384350
384050
383920
383570
383470
383430
382580
382530
382500
382060
381770
381600
381570
380970
380930
380720
380610
380050
380010
379970
379630
379270
379250
379200
379040
379030
378380
378250
378180
377770
377020
376890
376670
376280
376190
375980
375890
375880
375560
375140
374890
374540
374360
374220
374210
374130
373960
373350
373250
372860
372730
372700
372580
372500
372410
372180
372070
371800
371130
371070
370900
370530
370520
369730
369520
369010
368440
368320
367320
367190
367160
366900
366820
366680
366630
366480
366430
366310
365630
365490
365220
365000
364920
363810
363740
363690
363570
363340
362710
362630
362340
362050
362040
361270
361070
360560
360250
359980
359950
359120
359110
358950
358910
358780
358110
358010
356860
356810
356350
356010
355990
355870
355660
355550
355320
354320
354110
353320
353240
353020
351540
351270
351020
350870
350720
350400
350230
349800
349620
349560
348920
348610
348500
348350
348320
348110
348010
347920
347910
347780
347680
347120
347010
346860
346690
346640
345000
344920
344470
344150
344000
343380
343310
341480
341450
341340
341210
340980
340970
340890
340740
339890
339750
339520
339360
338680
338490
338010
337830
337710
337690
337640
337430
337380
337310
337050
335970
335880
335680
335410
335180
334880
334860
334820
334660
334600
333670
333500
333310
333270
333200
333140
332470
332300
331850
331270
330800
330710
330700
329960
329500
329400
329350
329260
329030
328580
328560
328530
328390
328300
327900
327870
327770
327360
327240
326800
326440
326260
326220
325760
325490
324690
324490
324460
323770
323760
322940
322670
322610
322250
322010
321930
321630
321280
321020
321010
320880
320290
319620
319390
319340
319260
319130
318820
318780
318730
318450
318340
318320
318170
318080
318060
317910
317750
317560
317260
317210
316900
316870
316850
316450
316100
316090
316050
316040
315690
315510
314490
314390
313920
313680
313290
313110
313030
312930
312590
312330
312260
312060
311950
311000
309890
308150
307810
307720
306500
305450
305440
305190
305140
304610
304600
304570
304520
304440
303990
303630
302230
301170
300930
300790
300730
300650
300130
299330
299130
298920
298010
298000
296200
295500
295330
295210
294510
294350
294270
294260
294250
292750
292690
291950
289970
289740
288460
288330
287440
287240
286650
285690
285600
285540
282270
282250
282230
281170
281150
279120
277990
275710
275000
273450
273280
273130
272390
271880
271710
271230
271220
271210
271120
270680
270660
268030
267890
267160
266710
265530
265350
265230
265100
264930
264910
264850
264660
262880
261240
258150
257380
257190
257140
255760
255440
255060
254560
254240
254150
251090
251040
251000
250940
250790
250010
249970
249150
248140
247890
247260
246660
246640
246540
246460
246440
246380
246340
246170
244470
243820
243600
243340
242380
242180
241890
241700
241500
241210
240570
240240
238510
238390
237130
236910
236810
235740
235640
233710
233490
233070
233050
233030
232930
231890
231410
231370
231350
231250
231120
228860
228800
228540
228240
227960
227420
226540
226300
226240
226150
226140
226080
225920
225580
225100
225060
225040
224800
224660
224640
224520
224280
224120
224100
223920
223890
223610
223570
223370
223090
223020
222700
222400
222340
222300
221980
221870
221850
221770
221660
221620
221450
221060
221030
220840
220720
220580
220560
220540
220520
220500
220480
220360
220030
219930
219850
219720
219660
219520
219420
219280
219240
219220
219030
219020
218880
218350
218290
218190
218110
217830
217470
217180
217160
216850
216690
216530
216310
216030
215650
215410
215220
215180
215020
214820
214810
214710
214090
214070
213910
213870
213720
213590
213550
213530
213510
213490
213470
213450
213430
213410
213390
212860
212840
212720
212560
212350
212140
212130
211940
211620
211090
210840
210740
210720
210500
210470
210310
210290
210190
210130
209040
209020
208270
208070
208010
207990
207970
207950
207770
207630
207510
207450
207270
207130
207100
206730
206650
206390
206350
206310
206290
205750
205700
205370
205310
205290
204980
204920
204780
204740
204680
204660
204610
204410
204260
204050
204010
203970
203670
203530
202880
202610
202550
202390
202290
201910
201720
201680
201600
201470
201430
201170
201160
201120
201090
201060
200650
200570
200400
200240
200030
115810
112110
111610
111030
111020
110520
109720
107830
107610
107210
107110
105710
105310
104800
104300
104010
102830
102800
102610
102410
102220
99870
99850
99310
99110
98610
98220
97340
97010
96010
95510
95310
92810
92310
92250
92240
92230
91830
91820
91610
91210
91110
90810
90520
90410
90110
80020
78002
73050
72910
72410
71280
70910
70510
70430
70410
70310
70230
70220
70140
70130
67100
67010
65900
65760
65520
65410
65090
64030
63010
61720
60810
60610
58600
58580
58410
58310
58240
58220
57940
57750
57720
57710
57630
57610
57310
57210
57010
55410
55050
55030
55010
50830
50280
50010
49610
49480
49460
49340
48810
48710
48280
48010
47940
47860
47770
47760
47530
47010
46610
46010
45460
45430
45310
45110
45010
44300
44205
44110
42510
42190
41810
41760
41690
41670
41510
41310
41220
41110
41020
40710
40510
40430
40410
40360
40310
40140
39810
39590
39230
39130
39100
38910
38750
38730
38710
37810
37710
37510
37410
37110
36930
36920
36710
35710
35490
35150
35110
35050
35040
35020
34930
34910
34880
34680
34660
34620
34510
34400
34390
34350
34200
34110
34050
33970
33920
33630
33560
33400
33310
33290
33190
33170
33160
33150
33140
32210
32162
32159
32135
32127
32117
32010
31990
31970
31960
31950
31940
31710
31419
31160
29200
29170
28020
27930
27910
27610
27030
26910
26810
26720
26510
26010
25880
25710
25610
25510
24770
24710
24430
23610
23520
23480
23470
23410
23350
23340
23330
23320
23180
23170
23160
23110
22690
22680
22660
22620
22220
22170
22160
22150
22110
22010
21940
21930
21650
21630
21510
21410
21310
21040
21020
20730
20720
20560
19510
19330
19210
19060
18800
18710
18610
18510
18310
18030
18010
17110
17050
16630
16610
16510
16475
16470
16420
16210
16190
16170
16160
16150
16140
16098
16062
16042
16032
16022
16002
15992
15982
15972
15962
15952
15942
15932
15922
15912
15902
15810
15730
15720
15680
15530
15510
13010
12910
12890
12850
12820
11910
11470
11460
11350
11270
11220
11210
11090
11080
11000
10640
10620
10570
10050
10010
9998
9985
9950
9920
9885
9510
9440
9330
9320
9300
9130
9120
9100
9090
9080
8910
8900
8820
8760
8750
8720
8700
8670
8630
8180
8150
8090
8070
8030
7920
7890
7820
7790
7710
7630
7490
7430
7410
7290
7280
7230
7080
7050
7030
6950
6940
6930
6590
6580
6540
6530
6410
6320
6260
6230
6130
6110
4910
4820
4810
4710
4610
4590
4440
4330
4310
4260
4102
3850
3652
3642
3632
3622
3612
3602
3592
3582
3572
3562
3542
3532
3522
3512
3502
3492
3482
3472
3462
3452
3442
3432
3422
3412
3402
3392
3382
3372
3362
3352
3342
3332
3322
3312
3302
3280
3210
3190
2730
2580
2560
2535
2510
2120
1710
1540
1523
1522
1502
1306
1003
410
219