2001550
1993130
1960690
1986220
1602790
1642370
1919890
1940810
2020320
2022870
2018590
1926580
2052470
1879930
1992900
1952700
1983040
1402040
1999410
1992330
1952610
1960410
1490520
2020580
1985480
1961350
1724820
1961360
1961470
1591770
1960420
1326050
2000330
1310220
1995770
2020890
1975870
2013570
2011930
1650980
1325100
1987090
1313080
2023830
1210600
2001950
2000620
1952410
2008340
2019780
1310960
1986260
2004000
1979010
2054490
2000660
2015730
2015970
1588800
1966350
2017180
1966250
1798960
2018400
1714870
1881400
1771080
1913910
2010430
2021470
1998210
2018090
1990120
1991560
1986140
2012110
1414880
1478280
2001820
1628320
2005620
1951270
1967600
1765110
1535020
1985330
2009590
2014290
2019930
1960130
1299640
1974450
1997180
1990970
2020240
2008690
1875010
1775280
1658690
1931450
1954120
2024250
1982890
2023470
2011280
2015800
1995020
2027990
1970390
2018970
1904110
1629540
2051430
1915570
1977400
2015350
1999420
2004920
1991740
2052850
1979870
2004560
2020940
2020370
1978530
1933200
1953160
1923740
1971550
1980210
1997350
2008660
1652820
1935700
1488520
1658130
1728930
2012150
1661050
1442330
1660730
1418500
1445330
1431000
1642410
1970810
1914930
1704580
1985280
1864920
2024060
2001540
1949830
1937760
1968370
2012980
1974430
1997100
1658790
2022840
1805630
1971060
1668370
2053420
1947520
1835900
1768290
2002490
1967720
2052330
2013410
2024960
1982710
1955460
1942800
1933120
2014730
2004350
1934170
1982580
1823240
1532890
2003890
1544800
1711660
1657300
1304570
1689380
1402240
1746360
2014640
1891910
1402730
1405680
1845990
1958450
2055950
2005840
1938570
2004310
1983810
1429120
1661660
1313440
2022320
1978310
1971030
2003980
2023870
2020060
1935010
1947770
1999580
2006100
1999640
1835130
1866550
1964660
1852270
1979250
2004150
1984780
1963380
2003780
2017240
2006780
2051550
1908910
1990640
1546700
1538560
2001600
1982770
1666060
1963820
1993040
1489260
1995150
2018150
1776770
1996400
2022940
1574520
1410630
1976150
2013490
1277620
2022730
1962250
2012870
2019150
2013840
1598420
1538690
1980110
2012130
1982400
2020600
1601490
2010590
1947590
2052500
1703590
2021420
2012230
2004470
1988450
1768750
1953480
2006980
2006850
1952070
2017250
1928170
2006240
1427500
2015590
1587270
1662780
1402220
1514800
1454210
2006880
1966320
1915640
1651040
2053720
2018650
1666350
690230
1699150
1622620
1974140
1977180
1408270
2023700
1316320
2051980
1983310
1843210
1992910
1935270
2009060
2010190
1999340
2015290
1964730
2001490
1960390
2008150
2027950
2003290
2021810
2017390
1950740
2016870
2021490
2018890
2023750
1972530
2019450
2023660
1779820
1995140
2013260
1992720
2017280
2020050
2020230
1977020
2021450
2012810
1972430
2013930
1993020
1909110
1669540
1501430
1732040
1907530
1608030
1961900
2052980
1306960
1566760
1325440
1655240
1839720
1988840
1609400
2017470
1957470
2002960
2012860
2015570
1812190
1961070
1761410
1991730
2026780
1988180
1923260
1976010
1924750
1799540
1772290
1865190
2027770
1943320
1953290
1950260
2017710
2050410
1960750
1910640
1856960
1960960
1976340
1890150
1951770
1921410
2022430
2016930
1668900
1328020
2008190
1965500
1536450
1663350
1989400
1412920
1443140
1519460
2020720
2013960
1326350
2017810
2019600
2018290
1995860
1948610
2025940
2006150
1941560
2020440
1986110
1994150
1897620
2017650
2013100
2020760
2025400
1969090
1996110
1993250
1957290
2014710
1979780
1794080
1969270
2019430
1970130
1932930
1888400
1997760
1913390
1956010
2019900
1989590
1987430
2002910
2017070
2052930
2027800
1861790
1542940
2008970
1958840
1950100
1728790
1644470
1956080
2052620
1289930
1980970
1217700
1079080
1960940
1205280
2020900
1066560
2010230
1999200
1964910
1956870
2051810
2007340
2027320
2020290
1973480
1642240
1606070
2017310
1659660
1926150
1652470
1893610
1965810
2003480
1732200
1797920
2026680
1750730
1976560
2009710
2011380
1907160
2013560
1994250
2026200
1990150
2016920
2001450
2011660
1381540
2020740
1955660
1935390
2019030
1773610
1623800
1918910
1962300
2051860
1193480
2025430
1320210
2013980
1969580
1435490
2010090
2018800
1959590
2026210
1952940
2003120
2022580
2000410
1984280
2025350
2055250
1948710
1868690
1997000
2013940
2014250
2008140
1775910
1799640
2025010
2015870
2002750
1994580
1949530
1982780
1894180
1891200
1978770
2024020
1983440
1915390
2000080
1902000
2020970
1779140
1544870
1509490
1535890
1657370
1961700
1660720
2019500
2053430
1521350
1996150
2009810
1619020
1316620
1975200
1996120
2054840
1977210
2022720
2024200
2012060
1954730
2056660
1964550
2027900
1996170
2053180
2021400
1597380
1730200
1895510
1978270
2005940
2003720
2018880
2020250
1985730
1923980
2022200
1914860
1946500
1789610
1891730
2022240
1975630
1943100
1984500
2055340
2004690
1989550
1907840
1985890
1956150
1588990
2055520
1568140
1702520
1670400
1578510
1595680
832440
1423850
1288880
1315790
1966760
2024000
1631550
2026360
1952830
1972700
1965510
1955430
2018200
2026110
2051260
1952600
2013810
2009660
1968090
1969540
2052800
1990950
2016360
1984700
1958030
2009680
1723670
1819910
2011050
1794260
1987850
1982570
2027980
2012480
2018710
1964160
2056140
1893160
2006590
1892480
1948070
1898800
2050240
1967080
2021920
1978120
1597620
1591790
1648710
1652790
1862510
1920350
1988220
1975880
2008520
2018770
2053550
1942090
2018690
1988480
2018470
2011680
1990170
1948320
1980370
1963100
2052400
1951570
1979840
2053150
1975130
1996560
1617810
2018390
1976790
1898230
1796730
1970990
2051950
1792420
1899510
1946920
1966710
1849180
1857820
1866940
2015920
1877740
1949070
1960370
1962620
1964390
1924260
1919660
1540750
2020200
2021160
2014190
1795590
1954700
1566650
2007090
2020360
1618670
2013200
1989810
2024540
1987930
1868660
2057160
1788550
1962340
1981280
1977860
1945830
1947840
2026220
1956970
1966990
1969450
1988230
2012640
1965080
2056350
1589960
2054550
2013470
1996480
1728070
1806390
2026320
2002040
1814760
2055080
1921420
2020140
2026620
1849030
1952110
1891050
1954140
1999480
1973120
1888250
1997720
2013310
1440660
1994340
1401770
2008160
1408750
1542830
1164900
2051610
2017690
1998480
1966050
1936910
1999440
2051070
1963650
2017320
2055640
1970190
2020350
1665410
2008540
1624650
2018180
1823960
2020300
2053120
1975740
2025690
1866520
1887210
1871040
2001100
1757070
1973340
1867220
1977650
1956540
1928720
1897390
1951360
1917250
1913340
2012400
1910940
1975250
1996950
1317520
2027020
2051930
1968070
2015980
2023040
1654650
1937870
1660650
1673170
1318330
1971860
1440000
1939030
2003850
2012350
1316940
1870980
2023570
1977080
2055610
1983030
2055040
1966790
2001390
2023290
2050610
1997600
2011090
1643110
2027080
2016520
1790660
1871320
1935650
1993500
1835300
1988160
2022660
1990750
1842420
2051800
1840930
1964710
1949450
2000640
1972620
1904340
2007330
1976370
1997820
1911210
2026610
1298290
1399330
2011390
1666580
1479410
1821470
2020280
1911480
697990
1325810
1986050
1958110
1958080
1966510
2016630
1996960
2014450
1953260
1524600
1946800
1936870
2009870
1958480
2018620
2016150
2023100
1984100
1925260
1878860
1979710
1952660
2001740
2009910
2053480
1971040
1859440
1977820
2014700
1913650
2027640
1932620
2020410
2019120
2003250
1898510
1981150
1978600
1298810
1973520
1652590
2023410
1659850
1494880
1617250
1936340
1728990
2053780
2015400
1525340
1542320
1318900
2005450
1943900
1900840
1901080
1947760
1647340
1996860
1954220
1970880
1963700
1947830
1956900
1979770
1950010
2052440
1980640
2054960
1963770
1972210
1957950
1977790
1658380
1969660
1921800
1891180
1980960
1946000
2010810
1935260
2054630
1806990
1846110
2022340
2050880
2021150
2018630
1903010
1948270
1899860
1929920
1920590
1858800
1444960
2020390
1475720
1516740
1807180
1269380
670530
984700
1959320
2016340
1956450
1989830
1988420
1968900
1821240
1995200
1969290
1932090
1949430
1664330
1657940
2026600
1998080
1590350
1644570
1768760
2005200
1987180
1979750
1964170
2021890
1917690
1916030
1920220
1345460
1870820
1596960
1539230
2027500